        1          1
        3          1
        7          1
       10          1
       12          1
       14          1
       16          1
       19          1
       23          1
       31          1
       44          1
       45          1
       53          1
       57          1
       58          1
       61          1
       65          1
        1          2
        3          2
        7          2
       12          2
       14          2
       16          2
       18          2
       19          2
       23          2
       58          2
       61          2
       69          2
        2          3
       43          3
       59          3
       60          3
       62          3
       63          3
       64          3
       66          3
       67          3
       68          3
        2          4
       17          4
       23          4
       31          4
       32          4
        2          5
       65          5
        2          6
       17          6
       23          6
       31          6
       32          6
        2          7
       65          7
        2          8
       17          8
       23          8
       31          8
       32          8
        2          9
       16          9
       23          9
       43          9
       59          9
       60          9
       62          9
       63          9
       64          9
       65          9
       66          9
       67          9
       68          9
       69          9
        2         10
        7         10
       16         10
       17         10
       23         10
       31         10
       32         10
       57         10
        2         11
       31         11
       43         11
       59         11
       60         11
       62         11
       63         11
       64         11
       66         11
       67         11
       68         11
        2         12
       17         12
       23         12
       31         12
       32         12
        2         13
       23         13
       31         13
       65         13
        2         14
       17         14
       23         14
       31         14
       32         14
        2         15
       17         15
       23         15
       31         15
       32         15
        2         16
        2         17
       17         17
       23         17
       31         17
       32         17
        2         18
        2         19
       17         19
       31         19
        2         20
        6         20
        8         20
        9         20
       11         20
       13         20
       15         20
       16         20
       17         20
       18         20
       20         20
       21         20
       22         20
       23         20
       24         20
       25         20
       26         20
       27         20
       28         20
       29         20
       30         20
       31         20
       32         20
       33         20
       34         20
       35         20
       36         20
       37         20
       39         20
       40         20
       41         20
       42         20
       46         20
       47         20
       48         20
       49         20
       50         20
       51         20
       52         20
       54         20
       55         20
       56         20
       61         20
       71         20
       72         20
       73         20
       74         20
       75         20
       76         20
       77         20
       78         20
       79         20
        2         21
       10         21
       16         21
       23         21
       38         21
       43         21
       44         21
       45         21
       53         21
       57         21
       60         21
       61         21
       63         21
       65         21
       67         21
       70         21
        2         22
        4         22
        6         22
        9         22
       11         22
       13         22
       16         22
       17         22
       21         22
       22         22
       23         22
       27         22
       29         22
       30         22
       31         22
       32         22
       36         22
       37         22
       54         22
       55         22
       72         22
       77         22
        5         23
       65         23
       10         24
       18         24
       23         24
       31         24
       65         24
       16         25
       17         25
       23         25
       31         25
       32         25
       16         26
       18         26
       23         26
       31         26
       16         27
       23         27
       31         27
       16         28
       17         28
       23         28
       31         28
       32         28
       16         29
       23         29
       65         29
       16         30
       23         30
       31         30
       65         30
       16         31
       17         31
       23         31
       31         31
       32         31
       57         31
       16         32
       17         33
       23         33
       31         33
       32         33
       17         34
       23         34
       31         34
       32         34
       17         35
       23         35
       32         35
       17         36
       23         36
       31         36
       32         36
       17         37
       23         37
       31         37
       32         37
       17         38
       23         38
       31         38
       32         38
       17         39
       23         39
       31         39
       32         39
       17         40
       23         40
       31         40
       32         40
       17         41
       23         41
       31         41
       32         41
       17         42
       23         42
       31         42
       32         42
       17         43
       23         43
       31         43
       32         43
       17         44
       23         44
       31         44
       32         44
       17         45
       23         45
       31         45
       32         45
       17         46
       23         46
       31         46
       32         46
       17         47
       23         47
       31         47
       32         47
       17         48
       23         48
       31         48
       32         48
       17         49
       23         49
       31         49
       32         49
       17         50
       23         50
       31         50
       32         50
       17         51
       23         51
       31         51
       32         51
       17         52
       23         52
       31         52
       32         52
       17         53
       23         53
       31         53
       32         53
       17         54
       23         54
       31         54
       32         54
       17         55
       23         55
       31         55
       32         55
       17         56
       23         56
       31         56
       32         56
       17         57
       23         57
       31         57
       32         57
       65         57
       17         58
       23         58
       31         58
       32         58
       17         59
       23         59
       31         59
       32         59
       17         60
       23         60
       31         60
       32         60
       17         61
       23         61
       31         61
       32         61
       17         62
       23         62
       31         62
       32         62
       17         63
       23         63
       31         63
       32         63
       17         64
       23         64
       31         64
       32         64
       17         65
       23         65
       31         65
       32         65
       17         66
       23         66
       31         66
       32         66
       17         67
       23         67
       31         67
       32         67
       17         68
       23         68
       31         68
       32         68
       17         69
       23         69
       31         69
       32         69
       17         70
       23         70
       31         70
       32         70
       17         71
       23         71
       31         71
       32         71
       17         72
       23         72
       31         72
       32         72
       17         73
       23         73
       31         73
       32         73
       17         74
       23         74
       31         74
       32         74
       17         75
       23         75
       31         75
       32         75
       17         76
       23         76
       31         76
       32         76
       17         77
       23         77
       31         77
       32         77
       17         78
       23         78
       31         78
       32         78
       17         79
       23         79
       31         79
       32         79
       17         80
       23         80
       31         80
       32         80
       17         81
       23         81
       31         81
       32         81
       17         82
       23         82
       31         82
       32         82
       65         82
       17         83
       23         83
       31         83
       32         83
       17         84
       23         84
       31         84
       32         84
       17         85
       23         85
       31         85
       32         85
       17         86
       23         86
       31         86
       65         86
       17         87
       23         87
       31         87
       32         87
       17         88
       23         88
       31         88
       32         88
       17         89
       23         89
       31         89
       32         89
       17         90
       19         90
       23         90
       31         90
       32         90
       17         91
       23         91
       31         91
       32         91
       17         92
       23         92
       31         92
       32         92
       17         93
       23         93
       31         93
       32         93
       17         94
       23         94
       31         94
       32         94
       17         95
       23         95
       31         95
       32         95
       17         96
       23         96
       31         96
       32         96
       17         97
       23         97
       31         97
       32         97
       17         98
       23         98
       31         98
       32         98
       17         99
       18         99
       23         99
       31         99
       32         99
       17        100
       23        100
       31        100
       32        100
       17        101
       23        101
       31        101
       32        101
       17        102
       23        102
       31        102
       32        102
       17        103
       23        103
       31        103
       32        103
       17        104
       23        104
       31        104
       32        104
       17        105
       23        105
       31        105
       32        105
       17        106
       23        106
       31        106
       32        106
       17        107
       23        107
       31        107
       32        107
       17        108
       23        108
       31        108
       32        108
       17        109
       23        109
       31        109
       32        109
       17        110
       23        110
       31        110
       32        110
       17        111
       23        111
       31        111
       32        111
       17        112
       23        112
       31        112
       32        112
       17        113
       23        113
       31        113
       32        113
       17        114
       23        114
       31        114
       32        114
       17        115
       23        115
       31        115
       32        115
       17        116
       23        116
       31        116
       32        116
       17        117
       23        117
       31        117
       32        117
       17        118
       23        118
       31        118
       32        118
       17        119
       23        119
       31        119
       32        119
       17        120
       23        120
       31        120
       32        120
       17        121
       23        121
       31        121
       32        121
       18        122
       18        123
       23        123
       23        124
       23        125
       23        126
       23        127
       23        128
       23        129
       23        130
       23        131
       23        132
       23        133
       23        134
       23        135
       23        136
       23        137
       23        138
       23        139
       23        140
       31        140
       23        141
       23        142
       23        143
       23        144
       23        145
       23        146
       23        147
       23        148
       23        149
       23        150
       31        150
       23        151
       65        151
       23        152
       23        153
       23        154
       23        155
       23        156
       23        157
       23        158
       65        158
       23        159
       23        160
       23        161
       23        162
       23        163
       23        164
       23        165
       23        166
       23        167
       31        167
       23        168
       23        169
       23        170
       23        171
       23        172
       31        172
       23        173
       23        174
       31        174
       23        175
       23        176
       23        177
       23        178
       65        178
       23        179
       65        179
       23        180
       23        181
       23        182
       31        182
       23        183
       23        184
       23        185
       23        186
       23        187
       65        187
       23        188
       23        189
       32        189
       23        190
       23        191
       23        192
       23        193
       23        194
       23        195
       23        196
       23        197
       23        198
       23        199
       23        200
       23        201
       23        202
       23        203
       23        204
       23        205
       23        206
       23        207
       23        208
       23        209
       23        210
       23        211
       23        212
       23        213
       23        214
       23        215
       23        216
       23        217
       23        218
       23        219
       31        220
       31        221
       31        222
       31        223
       32        224
       32        225
       32        226
       32        227
       65        228
       65        229
       65        230
       65        231
