     1      1
     1      2
     2      3
     2      4
     3      5
     3      6
     3      7
     3      8
     3      9
     4     10
     4     11
     4     12
     4     13
     5     14
     5     15
     5     16
     6     17
     6     18
     6     19
     6     20
     7     21
     8      2
     8     22
     8     23
     8     24
     9     25
    10     26
    10     27
    10     28
    11     25
    11     29
    11     30
    11     31
    11     32
    12     33
    13     12
    13     34
    14     35
    14     36
    14     37
    14     38
    14     39
    15     40
    15     41
    15     42
    15     43
    16      6
    16     12
    16     44
    16     45
    16     46
    17      2
    17     47
    17     48
    17     49
    17     50
    18     51
    18     52
    19     44
    19     53
    19     54
    19     55
    19     56
    20     37
    20     57
    20     58
    20     59
    21     60
    22      3
    22     61
    22     62
    22     63
    22     64
    23     19
    23     56
    23     65
    23     66
    23     67
    24     11
    24     43
    24     68
    24     69
    24     70
    25     29
    25     50
    26     71
    27     17
    27     72
    27     73
    27     74
    27     75
    28     76
    28     77
    29     73
    29     78
    29     79
    29     80
    30     60
    30     81
    30     82
    31     37
    31     79
    31     83
    31     84
    32     24
    32     51
    32     53
    32     85
    33     41
    33     80
    33     86
    33     87
    34     21
    34     88
    35     53
    35     89
    35     90
    36     48
    36     75
    36     91
    36     92
    37      4
    37     93
    37     94
    37     95
    37     96
    38     40
    38     97
    38     98
    38     99
    39      8
    39     34
    39     68
    40     45
    40     98
    40    100
    40    101
    40    102
    41     64
    41     81
    41    103
    41    104
    42      6
    42     33
    42     82
    42    105
    42    106
    43    107
    44      2
    44     42
    44     53
    44     54
    44     86
    45     28
    45    108
    46     36
    46    109
    47     45
    47    110
    48     81
    48    111
    48    112
    49     14
    49     75
    49    113
    49    114
    50     92
    51     70
    51    115
    51    116
    51    117
    52     46
    52    112
    52    118
    52    119
    53     18
    53     28
    53     97
    54     50
    54     55
    54    108
    54    120
    54    121
    55      2
    55     68
    55    104
    56    122
    56    123
    56    124
    57      4
    57     20
    57    125
    58     63
    59      9
    59     91
    60      4
    60     69
    60    121
    61     37
    61    102
    61    126
    62      5
    62     69
    62     92
    62    127
    63    128
    63    129
    63    130
    64     79
    64     95
    64    107
    64    131
    64    132
    65    133
    66    134
    67      3
    67     37
    67     41
    67     56
    67    135
    68    136
    69    137
    70     47
    70     94
    70    134
    70    138
    71     19
    71    110
    71    139
    72     10
    72    140
    73    141
    74     40
    75     28
    75    141
    75    142
    76     35
    76     45
    76    123
    76    143
    76    144
    77     53
    77    135
    77    145
    78     26
    78     42
    78     66
    78    102
    78    130
    79    103
    79    106
    79    146
    79    147
    80    129
    81      8
    81     42
    81     82
    81     84
    81    142
    82     25
    82    111
    82    117
    82    143
    83      5
    83      7
    83     48
    83     80
    83    148
    84     58
    84     96
    84    145
    84    149
    85      7
    85     28
    85    114
    85    130
    85    141
    86     25
    86    141
    87      2
    87    150
    87    151
    88     52
    88    152
    89     15
    89     52
    89    153
    89    154
    90    125
    91    147
    91    155
    92     93
    93     29
    93     84
    93    102
    93    132
    93    152
    94     75
    94    105
    94    156
    95     78
    95    105
    95    116
    95    124
    95    157
    96     30
    96     56
    96    114
    97    121
    98     81
    98    119
    98    147
    98    158
    98    159
    99    103
    99    107
    99    109
    99    114
   100     11
   100     91
   100    109
   100    133
