role: 1
permissions: 1, 2, 3, 4, 5, 6, 7, 8, 9, 10, 11, 12, 13, 14, 15, 16, 17, 18, 19, 20, 21, 22, 23, 24, 25, 26, 27, 28, 29, 30, 31, 32, 33, 34, 35, 36, 37, 38, 39, 40, 41, 42, 43, 44, 45, 46, 47, 48, 49, 50, 51, 52, 53, 54, 55, 56, 57, 58, 59, 60, 61, 62, 63, 64, 65, 66, 67, 68, 69, 70, 71, 72, 73, 74, 75, 76, 77, 78, 79, 80, 81, 82, 83, 84, 85, 86, 87, 88, 89, 90, 91, 92, 93, 94, 95, 96, 97, 98, 99, 100, 101, 102, 103, 104, 105, 106, 107, 108
users: 1

role: 2
permissions: 8, 9, 10, 11, 12, 13, 14, 15, 16, 17, 18, 20, 21, 22, 23, 24, 25, 26, 27, 28, 29, 30, 31, 32, 33, 34, 35, 36, 37, 38, 51, 60, 77, 78, 79, 80, 81, 82, 83, 84, 85, 86, 87, 88, 89, 90, 91, 92, 93, 94, 95, 96, 109, 110, 111, 112, 113, 114
users: 2

role: 3
permissions: 37, 38, 47, 48, 49, 50, 51, 60, 77, 78, 79, 80, 81, 82, 83, 84, 85, 86, 87, 88, 89, 90, 91, 92, 93, 94, 95, 96, 121, 122, 123, 124, 132, 142, 144, 145, 146, 147, 149, 150, 151, 152, 153, 154, 155, 156, 157, 158, 159, 160, 161, 162, 163
users: 10

role: 4
permissions: 8, 38, 51, 60, 77, 78, 79, 80, 81, 82, 83, 84, 85, 86, 87, 88, 89, 90, 91, 92, 93, 94, 95, 96, 111, 112, 113, 114, 115, 201, 202, 203
users: 18

role: 5
permissions: 8, 38, 45, 46, 51, 60, 65, 76, 77, 78, 79, 80, 81, 82, 83, 84, 85, 86, 87, 88, 89, 90, 91, 92, 93, 94, 95, 96, 162, 201, 204, 208, 209, 211, 212, 213, 214, 215, 216, 217, 221
users: 20

role: 6
permissions: 8, 38, 51, 53, 58, 60, 62, 65, 77, 78, 79, 80, 81, 82, 83, 84, 85, 86, 87, 88, 89, 90, 91, 92, 93, 94, 95, 96, 100, 101, 111, 112, 113, 114, 162, 166, 167, 168, 169, 170, 171, 175, 176, 177, 178, 179, 180, 181, 182, 183, 184, 185, 186, 187, 188, 189, 190, 191, 192, 193, 195, 199, 201, 205, 207, 211, 217, 218, 219, 220, 231, 232, 233, 234, 235, 236, 237, 238, 239, 240, 241, 242, 243, 244, 245, 246, 247, 248, 249, 250, 251, 252, 253, 254, 255, 256, 257, 258, 259, 260
users: 27

role: 7
permissions: 8, 38, 47, 48, 49, 50, 51, 60, 77, 78, 79, 80, 81, 82, 83, 84, 85, 86, 87, 88, 89, 90, 91, 92, 93, 94, 95, 96, 118, 121, 122, 123, 124, 125, 131, 132, 133, 134, 135, 144, 145, 146, 147, 149, 150, 151, 152, 153, 211, 279, 288, 289, 304, 305, 306, 307, 308, 309, 310, 311, 312, 313, 314, 315, 316, 317, 318, 319, 320, 321, 322, 324, 326, 327, 328, 329, 330, 331, 332, 333, 334, 335, 336, 337, 338, 339, 340, 341, 342, 343
users: 39

role: 8
permissions: 8, 38, 47, 48, 49, 50, 51, 60, 77, 78, 79, 80, 81, 82, 83, 84, 85, 86, 87, 88, 89, 90, 91, 92, 93, 94, 95, 96, 107, 118, 121, 122, 123, 124, 132, 134, 144, 145, 146, 147, 149, 150, 151, 152, 153, 164, 165, 166, 167, 168, 169, 170, 171, 175, 176, 177, 178, 179, 180, 181, 182, 183, 184, 185, 186, 187, 188, 189, 190, 191, 192, 193, 195, 199, 211, 247, 260, 279, 288, 289, 304, 305, 306, 307, 308, 309, 310, 311, 312, 313, 314, 315, 316, 317, 318, 319, 320, 321, 322, 323, 324, 325, 326, 327, 328, 329, 346, 347, 348, 349, 350, 351, 352, 353, 354, 355, 356, 357, 358, 359, 360, 361, 362, 363, 364, 365, 366, 367, 368, 369, 370, 371, 372
users: 44

role: 9
permissions: 8, 37, 38, 39, 40, 41, 42, 43, 44, 45, 46, 47, 48, 49, 50, 51, 52, 53, 54, 55, 56, 57, 58, 59, 60, 61, 62, 63, 64, 65, 66, 67, 68, 69, 70, 75, 76, 77, 78, 79, 80, 81, 82, 83, 84, 85, 86, 87, 88, 89, 90, 91, 92, 93, 94, 95, 96, 97, 98, 99, 102, 103, 104, 105, 106, 107, 108, 109, 111, 112, 113, 114, 118, 127, 131, 132, 133, 135, 146, 147, 210, 211, 233, 234, 236, 237, 238, 239, 241, 242, 244, 247, 250, 295, 312, 313, 314, 315, 316, 317, 318, 319, 320, 321, 322, 326, 327, 328, 329, 330, 338, 357, 358, 365, 368, 375, 531, 532, 580, 589, 606, 607, 608, 611, 612, 613, 614, 616, 617, 618, 619, 620, 621, 622, 623, 624, 625, 626, 627, 628, 629, 630, 631, 632, 633, 636, 637, 638, 641, 642, 643, 644, 645, 646, 674, 675, 676, 677, 680, 685, 692, 736, 737, 738, 739, 740, 741, 742, 743, 744, 745, 746, 747, 748, 749, 750, 751, 752, 753, 754, 755, 756, 757, 758, 759, 760, 761, 762, 763, 764, 765, 766, 767, 768, 769, 770, 771, 772, 773, 774, 775, 776, 777, 778, 779, 780, 781, 782, 783, 784, 785, 786, 787, 788, 789, 790, 791, 792, 793, 794, 795, 796, 797, 798, 799, 800, 801, 802, 803, 804, 805, 806, 807, 808
users: 81

role: 10
permissions: 8, 37, 38, 39, 40, 41, 42, 43, 44, 45, 46, 47, 48, 49, 50, 51, 52, 53, 54, 55, 56, 57, 58, 59, 60, 61, 62, 63, 64, 65, 66, 67, 68, 69, 70, 71, 72, 73, 74, 75, 76, 77, 78, 79, 80, 81, 82, 83, 84, 85, 86, 87, 88, 89, 90, 91, 92, 93, 94, 95, 96, 97, 98, 99, 100, 101, 102, 103, 104, 105, 106, 107, 108, 109, 111, 112, 113, 114, 118, 125, 131, 132, 133, 135, 137, 138, 144, 145, 146, 147, 151, 168, 169, 170, 171, 172, 173, 174, 194, 196, 197, 198, 210, 211, 234, 235, 236, 238, 239, 244, 247, 250, 281, 295, 296, 312, 313, 314, 315, 316, 317, 318, 319, 320, 321, 322, 326, 327, 328, 329, 330, 338, 357, 363, 368, 375, 531, 532, 606, 607, 608, 611, 612, 613, 614, 616, 617, 618, 619, 620, 621, 622, 623, 624, 625, 626, 627, 628, 629, 630, 631, 632, 633, 636, 638, 641, 642, 643, 644, 645, 674, 675, 676, 677, 680, 685, 736, 739, 742, 744, 748, 752, 755, 756, 757, 758, 760, 764, 766, 768, 773, 774, 775, 776, 777, 784, 785, 786, 787, 788, 789, 790, 791, 792, 793, 794, 795, 796, 797, 798, 799, 800, 806, 807, 808, 809, 810, 811, 816, 819, 820, 822, 824, 827, 828, 829, 830, 831, 833, 834, 835, 836, 837, 838, 839, 840, 841, 842, 843, 844, 845, 846, 847, 848, 849, 850, 851, 852, 853, 854, 855, 856, 857, 858, 859, 860, 861, 862, 863, 864, 865, 866, 867, 868, 869, 870, 871, 872, 873, 874, 875, 876, 877, 878, 879, 880, 881, 882, 883, 884, 885, 886, 887, 888, 889
users: 88

role: 11
permissions: 8, 38, 41, 45, 51, 60, 77, 78, 79, 80, 81, 82, 83, 84, 85, 86, 87, 88, 89, 90, 91, 92, 93, 94, 95, 96, 111, 115, 118, 120, 151, 215, 225, 226, 227, 228, 229, 230, 248, 249, 678, 744, 760, 809, 810, 811, 816, 819, 820, 822, 824, 827, 828, 829, 830, 831, 1092, 1095, 1128, 1129, 1130, 1131, 1132
users: 116

role: 12
permissions: 8, 38, 45, 51, 60, 77, 78, 79, 80, 81, 82, 83, 84, 85, 86, 87, 88, 89, 90, 91, 92, 93, 94, 95, 96, 115, 117, 118, 151, 155, 157, 215, 241, 248, 249, 362, 733, 744, 755, 809, 810, 811, 816, 819, 820, 822, 824, 827, 828, 829, 830, 831, 1086, 1092, 1093, 1094, 1095, 1128, 1129, 1130, 1134, 1135, 1136, 1137, 1138
users: 122

role: 13
permissions: 38, 43, 46, 51, 60, 77, 78, 79, 80, 81, 82, 83, 84, 85, 86, 87, 88, 89, 90, 91, 92, 93, 94, 95, 96, 111, 120, 125, 129, 133, 135, 234, 238, 239, 288, 296, 297, 298, 299, 300, 301, 302, 321, 326, 327, 620, 678, 742, 850, 1139, 1140, 1141, 1142, 1143, 1144, 1145, 1146, 1147, 1148
users: 123

role: 14
permissions: 74, 1097, 1098, 1099, 1100, 1101, 1102, 1103, 1104, 1105, 1106, 1107, 1108, 1109, 1110, 1111, 1112, 1113, 1114, 1115, 1116, 1117, 1118, 1119, 1120, 1121, 1122, 1123, 1124, 1125, 1126, 1127, 1153, 1154, 1222, 1239, 1240, 1241, 1242, 1243, 1244, 1245, 1246
users: 378

role: 15
permissions: 1099, 1104, 1105, 1106, 1107, 1108, 1109, 1110, 1111, 1112, 1113, 1114, 1115, 1116, 1117, 1118, 1119, 1120, 1121, 1122, 1123, 1124, 1125, 1126, 1127, 1407
users: 1501

role: 16
permissions: 120, 235, 238, 596, 597, 1099, 1104, 1105, 1106, 1107, 1108, 1109, 1110, 1111, 1112, 1113, 1114, 1115, 1116, 1117, 1118, 1119, 1120, 1121, 1122, 1123, 1124, 1125, 1126, 1127, 1135, 1282, 1357, 1367, 1411, 1412, 1413, 1414, 1415
users: 1578

role: 17
permissions: 74, 238, 313, 562, 563, 564, 565, 566, 567, 568, 569, 570, 571, 572, 573, 574, 575, 598, 624, 625, 626, 816, 817, 818, 1097, 1098, 1099, 1100, 1101, 1102, 1103, 1104, 1105, 1106, 1107, 1108, 1109, 1110, 1111, 1112, 1113, 1114, 1115, 1116, 1117, 1118, 1119, 1120, 1121, 1122, 1123, 1124, 1125, 1126, 1127, 1165, 1167, 1174, 1180, 1181, 1222, 1230, 1231, 1232, 1233, 1234, 1235, 1236, 1237, 1238, 1261, 1262, 1263, 1264, 1265, 1266, 1267, 1268, 1269, 1274, 1275, 1276, 1277, 1278, 1279, 1280, 1416, 1417, 1418, 1419, 1420, 1421, 1422, 1426, 1489, 1490, 1491, 1492, 1493, 1494, 1495, 1496, 1497, 1498, 1499, 1500, 1501, 1502, 1503, 1504, 1505, 1506, 1507, 1508, 1509, 1510, 1511, 1512, 1513, 1514, 1515, 1516, 1517, 1518, 1519, 1520, 1521, 1522, 1523, 1524, 1525, 1526, 1527, 1528, 1529, 1530, 1531, 1532, 1533, 1534, 1535, 1536, 1537, 1538, 1539, 1540, 1541, 1542, 1543, 1544, 1545, 1546
users: 2767

role: 18
permissions: 1099, 1104, 1105, 1106, 1107, 1108, 1109, 1110, 1111, 1112, 1113, 1114, 1115, 1116, 1117, 1118, 1119, 1120, 1121, 1122, 1123, 1124, 1125, 1126, 1127, 1174, 1549, 1550, 1551, 1552
users: 2845

role: 19
permissions: 1099, 1104, 1105, 1106, 1107, 1108, 1109, 1110, 1111, 1112, 1113, 1114, 1115, 1116, 1117, 1118, 1119, 1120, 1121, 1122, 1123, 1124, 1125, 1126, 1127, 1553, 1554
users: 2898

role: 20
permissions: 1099, 1104, 1105, 1106, 1107, 1108, 1109, 1110, 1111, 1112, 1113, 1114, 1115, 1116, 1117, 1118, 1119, 1120, 1121, 1122, 1123, 1124, 1125, 1126, 1127, 1581
users: 3107

role: 21
permissions: 1099, 1104, 1105, 1106, 1107, 1108, 1109, 1110, 1111, 1112, 1113, 1114, 1115, 1116, 1117, 1118, 1119, 1120, 1121, 1122, 1123, 1124, 1125, 1126, 1127, 1582, 1583, 1584, 1585
users: 3109

role: 22
permissions: 1099, 1104, 1105, 1106, 1107, 1108, 1109, 1110, 1111, 1112, 1113, 1114, 1115, 1116, 1117, 1118, 1119, 1120, 1121, 1122, 1123, 1124, 1125, 1126, 1127, 1587
users: 3394

role: 23
permissions: 38, 51, 60, 77, 78, 79, 80, 81, 82, 83, 84, 85, 86, 87, 88, 89, 90, 91, 92, 93, 94, 95, 96, 156, 162
users: 19

role: 24
permissions: 8, 38, 45, 46, 51, 60, 65, 76, 77, 78, 79, 80, 81, 82, 83, 84, 85, 86, 87, 88, 89, 90, 91, 92, 93, 94, 95, 96, 162, 201, 204, 208, 209, 211, 212, 213, 214, 215, 216, 217
users: 19

role: 25
permissions: 38, 51, 60, 77, 78, 79, 80, 81, 82, 83, 84, 85, 86, 87, 88, 89, 90, 91, 92, 93, 94, 95, 96, 206, 207, 217
users: 19, 34

role: 26
permissions: 8, 38, 51, 60, 65, 77, 78, 79, 80, 81, 82, 83, 84, 85, 86, 87, 88, 89, 90, 91, 92, 93, 94, 95, 96, 111, 112, 113, 114, 162, 166, 167, 168, 169, 170, 171, 175, 176, 177, 178, 179, 180, 181, 182, 183, 184, 185, 186, 187, 188, 189, 190, 191, 192, 193, 195, 199, 201, 205, 207, 211, 217, 218, 219, 220
users: 19

role: 27
permissions: 38, 47, 48, 49, 50, 51, 60, 77, 78, 79, 80, 81, 82, 83, 84, 85, 86, 87, 88, 89, 90, 91, 92, 93, 94, 95, 96, 121, 122, 123, 124, 132, 142, 144, 145, 146, 147, 149, 150, 151, 152, 153, 207, 217, 261, 262, 263, 264, 265
users: 34, 35

role: 28
permissions: 8, 38, 51, 60, 77, 78, 79, 80, 81, 82, 83, 84, 85, 86, 87, 88, 89, 90, 91, 92, 93, 94, 95, 96, 216, 266, 267, 268, 269, 270, 271, 272, 273
users: 35, 36

role: 29
permissions: 8, 38, 51, 60, 77, 78, 79, 80, 81, 82, 83, 84, 85, 86, 87, 88, 89, 90, 91, 92, 93, 94, 95, 96, 111, 112, 113, 114, 134, 135, 137, 274, 275, 276, 277, 278, 279, 280, 281, 282, 283, 284, 285, 286, 287, 288, 289
users: 37, 100

role: 30
permissions: 8, 38, 47, 48, 49, 50, 51, 60, 77, 78, 79, 80, 81, 82, 83, 84, 85, 86, 87, 88, 89, 90, 91, 92, 93, 94, 95, 96, 118, 121, 122, 123, 124, 132, 134, 144, 145, 146, 147, 149, 150, 151, 152, 153, 211, 279, 288, 289, 304, 305, 306, 307, 308, 309, 310, 311, 312, 313, 314, 315, 316, 317, 318, 319, 320, 321, 322, 324, 326, 327, 328, 329, 331, 343
users: 40

role: 31
permissions: 38, 51, 60, 77, 78, 79, 80, 81, 82, 83, 84, 85, 86, 87, 88, 89, 90, 91, 92, 93, 94, 95, 96, 529, 530
users: 47, 55

role: 32
permissions: 38, 39, 40, 41, 42, 43, 44, 45, 46, 47, 48, 49, 50, 51, 52, 53, 54, 55, 56, 57, 58, 59, 60, 61, 62, 63, 64, 65, 66, 67, 68, 69, 70, 71, 72, 73, 74, 75, 76, 77, 78, 79, 80, 81, 82, 83, 84, 85, 86, 87, 88, 89, 90, 91, 92, 93, 94, 95, 96, 97, 98, 99, 102, 103, 104, 105, 106, 107, 108, 531, 532, 604, 605, 606, 607, 608, 609, 610
users: 52, 68

role: 33
permissions: 38, 51, 60, 77, 78, 79, 80, 81, 82, 83, 84, 85, 86, 87, 88, 89, 90, 91, 92, 93, 94, 95, 96, 244, 668, 669, 670, 671, 672, 673
users: 59, 73

role: 34
permissions: 38, 51, 60, 77, 78, 79, 80, 81, 82, 83, 84, 85, 86, 87, 88, 89, 90, 91, 92, 93, 94, 95, 96, 111, 236, 613, 674, 675, 680, 684, 685, 686, 687, 688, 689, 690, 691, 692, 693, 694, 695, 696
users: 79, 104

role: 35
permissions: 8, 37, 38, 39, 40, 41, 42, 43, 44, 45, 46, 47, 48, 49, 50, 51, 52, 53, 54, 55, 56, 57, 58, 59, 60, 61, 62, 63, 64, 65, 66, 67, 68, 69, 70, 71, 72, 73, 74, 75, 76, 77, 78, 79, 80, 81, 82, 83, 84, 85, 86, 87, 88, 89, 90, 91, 92, 93, 94, 95, 96, 97, 98, 99, 100, 101, 102, 103, 104, 105, 106, 107, 108, 111, 112, 113, 114, 118, 131, 132, 133, 135, 144, 145, 146, 147, 151, 172, 173, 174, 194, 196, 197, 198, 210, 211, 234, 236, 238, 239, 244, 247, 250, 295, 296, 312, 313, 314, 315, 316, 317, 318, 319, 320, 321, 322, 326, 327, 328, 329, 330, 338, 357, 363, 368, 375, 531, 532, 606, 607, 608, 611, 612, 613, 614, 616, 617, 618, 619, 620, 621, 622, 623, 624, 625, 626, 627, 628, 629, 630, 631, 632, 633, 636, 638, 641, 642, 643, 644, 645, 674, 675, 676, 677, 680, 739, 744, 748, 752, 755, 756, 757, 758, 760, 764, 773, 774, 775, 776, 777, 784, 785, 786, 787, 788, 789, 790, 791, 792, 793, 794, 795, 796, 797, 798, 799, 800, 806, 807, 808, 809, 810, 811, 816, 819, 820, 822, 824, 827, 828, 829, 830, 831, 833, 840, 841, 855, 856, 857, 858, 861, 862, 863, 864, 866, 867, 871, 872, 873, 874, 875, 876, 877, 878, 884, 885, 886, 887, 888, 889
users: 91

role: 36
permissions: 8, 37, 38, 39, 40, 41, 42, 43, 44, 45, 46, 47, 48, 49, 50, 51, 52, 53, 54, 55, 56, 57, 58, 59, 60, 61, 62, 63, 64, 65, 66, 67, 68, 69, 70, 71, 72, 73, 74, 75, 76, 77, 78, 79, 80, 81, 82, 83, 84, 85, 86, 87, 88, 89, 90, 91, 92, 93, 94, 95, 96, 97, 98, 99, 100, 101, 102, 103, 104, 105, 106, 107, 108, 111, 112, 113, 114, 118, 131, 133, 135, 144, 145, 146, 147, 151, 172, 173, 174, 194, 196, 197, 198, 210, 211, 234, 236, 238, 239, 244, 247, 250, 280, 287, 295, 296, 312, 313, 314, 315, 316, 317, 318, 319, 320, 321, 322, 326, 327, 328, 329, 330, 338, 357, 363, 368, 375, 531, 532, 606, 607, 608, 611, 612, 613, 614, 616, 617, 618, 619, 620, 621, 622, 623, 624, 625, 626, 627, 628, 629, 630, 631, 632, 633, 636, 638, 641, 642, 643, 644, 645, 674, 675, 676, 677, 680, 739, 744, 748, 752, 755, 756, 757, 758, 760, 764, 773, 774, 775, 776, 777, 784, 785, 786, 787, 788, 789, 790, 791, 792, 793, 794, 795, 796, 797, 798, 799, 800, 806, 807, 808, 809, 810, 811, 816, 819, 820, 822, 824, 827, 828, 829, 830, 831, 833, 840, 841, 855, 856, 857, 858, 861, 862, 863, 864, 866, 867, 871, 872, 873, 874, 875, 876, 877, 878, 884, 885, 886, 887, 890, 891, 892, 893, 894, 895, 896, 897, 898, 899, 900, 901, 902, 903, 904, 905, 906, 907, 908, 909, 910, 911, 912, 913, 914, 915, 916, 917, 918, 919, 920, 921, 922, 923, 924, 925, 926, 927, 928, 929, 930, 931, 932, 933, 934, 935, 936, 937, 938, 939, 940, 941, 942, 943, 944, 945, 946, 947, 948, 949, 950, 951, 952, 953, 954, 955, 956, 957
users: 91, 92

role: 37
permissions: 78, 80, 86, 88, 90, 958, 959, 960, 961, 962, 963, 964, 965, 966, 967, 968, 969, 970, 971, 972, 973, 974, 975, 976, 977, 978, 979, 980, 981, 982, 983, 984, 985, 986, 987, 988, 989, 990, 991, 992, 993, 994, 995, 996, 997, 998, 999, 1000, 1001, 1002, 1003, 1004, 1005, 1006, 1007, 1008, 1009, 1010, 1011, 1012, 1013, 1014, 1015, 1016, 1017, 1018, 1019, 1020, 1021, 1022, 1023, 1024, 1025, 1026, 1027, 1028, 1029, 1030, 1031, 1032, 1033, 1034, 1035, 1036, 1037, 1038, 1039, 1040, 1041, 1042, 1043, 1044, 1045, 1046, 1047, 1048, 1049, 1050, 1051, 1052, 1053, 1054, 1055, 1056, 1057, 1058, 1059, 1060, 1061, 1062, 1063, 1064, 1065, 1066, 1067, 1068, 1069, 1070, 1071, 1072, 1073, 1074, 1075, 1076, 1077, 1078, 1079, 1080, 1081, 1082, 1083, 1084, 1085
users: 105, 106

role: 38
permissions: 38, 43, 46, 51, 60, 77, 78, 79, 80, 81, 82, 83, 84, 85, 86, 87, 88, 89, 90, 91, 92, 93, 94, 95, 96, 288, 326, 327, 678, 1142, 1145, 1148
users: 124

role: 39
permissions: 709, 1099, 1104, 1105, 1106, 1107, 1108, 1109, 1110, 1111, 1112, 1113, 1114, 1115, 1116, 1117, 1118, 1119, 1120, 1121, 1122, 1123, 1124, 1125, 1126, 1127, 1201, 1202
users: 317, 1930

role: 40
permissions: 710, 1097, 1098, 1099, 1100, 1101, 1104, 1105, 1106, 1107, 1108, 1109, 1110, 1111, 1112, 1113, 1114, 1115, 1116, 1117, 1118, 1119, 1120, 1121, 1122, 1123, 1124, 1125, 1126, 1127, 1213, 1214, 1215, 1216, 1217, 1218, 1219, 1220, 1221
users: 354, 1996

role: 41
permissions: 93, 1099, 1104, 1105, 1106, 1107, 1108, 1109, 1110, 1111, 1112, 1113, 1114, 1115, 1116, 1117, 1118, 1119, 1120, 1121, 1122, 1123, 1124, 1125, 1126, 1127, 1249
users: 485, 487

role: 42
permissions: 127, 238, 622, 850, 1099, 1104, 1105, 1106, 1107, 1108, 1109, 1110, 1111, 1112, 1113, 1114, 1115, 1116, 1117, 1118, 1119, 1120, 1121, 1122, 1123, 1124, 1125, 1126, 1127, 1282, 1283, 1284
users: 669, 2764

role: 43
permissions: 238, 660, 784, 788, 789, 1099, 1104, 1105, 1106, 1107, 1108, 1109, 1110, 1111, 1112, 1113, 1114, 1115, 1116, 1117, 1118, 1119, 1120, 1121, 1122, 1123, 1124, 1125, 1126, 1127, 1355, 1356, 1357, 1358, 1359, 1360, 1361, 1362, 1363, 1364, 1365, 1366, 1367, 1368, 1369, 1370, 1371
users: 849, 1418

role: 44
permissions: 234, 238, 613, 760, 1099, 1104, 1105, 1106, 1107, 1108, 1109, 1110, 1111, 1112, 1113, 1114, 1115, 1116, 1117, 1118, 1119, 1120, 1121, 1122, 1123, 1124, 1125, 1126, 1127, 1390
users: 1089, 1090

role: 45
permissions: 1099, 1104, 1105, 1106, 1107, 1108, 1109, 1110, 1111, 1112, 1113, 1114, 1115, 1116, 1117, 1118, 1119, 1120, 1121, 1122, 1123, 1124, 1125, 1126, 1127, 1403, 1404
users: 1321, 1322

role: 46
permissions: 1099, 1104, 1105, 1106, 1107, 1108, 1109, 1110, 1111, 1112, 1113, 1114, 1115, 1116, 1117, 1118, 1119, 1120, 1121, 1122, 1123, 1124, 1125, 1126, 1127, 1405, 1406
users: 1424, 1486

role: 47
permissions: 47, 48, 49, 50, 93, 1099, 1104, 1105, 1106, 1107, 1108, 1109, 1110, 1111, 1112, 1113, 1114, 1115, 1116, 1117, 1118, 1119, 1120, 1121, 1122, 1123, 1124, 1125, 1126, 1127, 1424, 1427, 1428, 1429, 1430, 1431, 1432, 1433, 1434
users: 1774, 1775

role: 48
permissions: 1099, 1104, 1105, 1106, 1107, 1108, 1109, 1110, 1111, 1112, 1113, 1114, 1115, 1116, 1117, 1118, 1119, 1120, 1121, 1122, 1123, 1124, 1125, 1126, 1127, 1476, 1477, 1478, 1479, 1480, 1481, 1482, 1483
users: 2016, 2017

role: 49
permissions: 1099, 1104, 1105, 1106, 1107, 1108, 1109, 1110, 1111, 1112, 1113, 1114, 1115, 1116, 1117, 1118, 1119, 1120, 1121, 1122, 1123, 1124, 1125, 1126, 1127, 1547, 1548
users: 2800, 2857

role: 50
permissions: 74, 313, 562, 563, 564, 565, 566, 567, 568, 569, 570, 571, 572, 573, 574, 575, 816, 817, 818, 1097, 1098, 1099, 1100, 1101, 1102, 1103, 1104, 1105, 1106, 1107, 1108, 1109, 1110, 1111, 1112, 1113, 1114, 1115, 1116, 1117, 1118, 1119, 1120, 1121, 1122, 1123, 1124, 1125, 1126, 1127, 1165, 1167, 1174, 1180, 1181, 1222, 1230, 1231, 1232, 1233, 1234, 1235, 1236, 1237, 1238, 1261, 1262, 1263, 1264, 1265, 1266, 1267, 1268, 1269, 1274, 1275, 1276, 1277, 1278, 1279, 1280, 1416, 1417, 1418, 1419, 1420, 1421, 1422, 1426, 1495, 1496, 1497, 1498, 1499, 1500, 1501, 1502, 1503, 1504, 1505, 1506, 1507, 1508, 1509, 1510, 1511, 1512, 1513, 1514, 1515, 1516, 1517, 1518, 1519, 1520, 1521, 1522, 1523, 1524, 1525, 1526, 1527, 1528, 1529, 1530, 1531, 1532, 1533, 1534, 1535, 1536, 1537, 1538, 1539, 1540, 1541, 1542, 1545, 1546, 1555, 1556, 1557, 1558, 1559, 1560, 1561, 1562, 1563, 1564, 1565, 1566, 1567, 1568, 1569, 1570, 1571, 1572, 1573, 1574, 1575, 1576, 1577, 1578
users: 2943, 2944

role: 51
permissions: 38, 47, 48, 49, 50, 51, 60, 61, 77, 78, 79, 80, 81, 82, 83, 84, 85, 86, 87, 88, 89, 90, 91, 92, 93, 94, 95, 96, 120, 121, 122, 123, 124, 125, 126, 127, 128, 129, 130, 131, 132, 133, 134, 135, 136, 137, 138, 139, 140, 141, 142, 143, 144, 145, 146, 147, 148, 149, 150, 151, 152, 153
users: 7, 29, 33

role: 52
permissions: 38, 51, 53, 58, 60, 62, 77, 78, 79, 80, 81, 82, 83, 84, 85, 86, 87, 88, 89, 90, 91, 92, 93, 94, 95, 96, 245, 247, 248, 249, 250, 251, 252, 253, 254, 255, 256, 257, 258
users: 28, 29

role: 53
permissions: 8, 37, 38, 41, 43, 45, 46, 51, 60, 65, 77, 78, 79, 80, 81, 82, 83, 84, 85, 86, 87, 88, 89, 90, 91, 92, 93, 94, 95, 96, 146, 214, 613, 674, 675, 676, 677, 678, 679, 680, 681, 682, 683
users: 77, 78, 89

role: 54
permissions: 1096, 1099, 1104, 1105, 1106, 1107, 1108, 1109, 1110, 1111, 1112, 1113, 1114, 1115, 1116, 1117, 1118, 1119, 1120, 1121, 1122, 1123, 1124, 1125, 1126, 1127
users: 114, 2941, 3075

role: 55
permissions: 8, 38, 45, 51, 60, 77, 78, 79, 80, 81, 82, 83, 84, 85, 86, 87, 88, 89, 90, 91, 92, 93, 94, 95, 96, 115, 118, 151, 215, 248, 249, 744, 809, 810, 811, 816, 819, 820, 822, 824, 827, 828, 829, 830, 831, 1092, 1095, 1128, 1129, 1130
users: 117

role: 56
permissions: 38, 51, 60, 77, 78, 79, 80, 81, 82, 83, 84, 85, 86, 87, 88, 89, 90, 91, 92, 93, 94, 95, 96, 1149, 1150, 1151
users: 125, 126, 127

role: 57
permissions: 243, 1099, 1104, 1105, 1106, 1107, 1108, 1109, 1110, 1111, 1112, 1113, 1114, 1115, 1116, 1117, 1118, 1119, 1120, 1121, 1122, 1123, 1124, 1125, 1126, 1127, 1174, 1224, 1225, 1226, 1227, 1228, 1229, 1230, 1231, 1232, 1233, 1234, 1235, 1236, 1237, 1238
users: 366, 2749, 3143

role: 58
permissions: 238, 784, 788, 789, 1099, 1104, 1105, 1106, 1107, 1108, 1109, 1110, 1111, 1112, 1113, 1114, 1115, 1116, 1117, 1118, 1119, 1120, 1121, 1122, 1123, 1124, 1125, 1126, 1127, 1356, 1357, 1358, 1359, 1360, 1361, 1362, 1363, 1365, 1366, 1367, 1369, 1370, 1371
users: 3335

role: 59
permissions: 1099, 1104, 1105, 1106, 1107, 1108, 1109, 1110, 1111, 1112, 1113, 1114, 1115, 1116, 1117, 1118, 1119, 1120, 1121, 1122, 1123, 1124, 1125, 1126, 1127, 1372, 1373, 1374, 1375, 1376, 1377, 1378
users: 891, 892, 3111

role: 60
permissions: 244, 1099, 1104, 1105, 1106, 1107, 1108, 1109, 1110, 1111, 1112, 1113, 1114, 1115, 1116, 1117, 1118, 1119, 1120, 1121, 1122, 1123, 1124, 1125, 1126, 1127, 1408, 1409, 1410
users: 1519, 1520, 1521

role: 61
permissions: 74, 93, 132, 133, 562, 565, 816, 817, 818, 1097, 1098, 1099, 1100, 1101, 1102, 1103, 1104, 1105, 1106, 1107, 1108, 1109, 1110, 1111, 1112, 1113, 1114, 1115, 1116, 1117, 1118, 1119, 1120, 1121, 1122, 1123, 1124, 1125, 1126, 1127, 1165, 1167, 1174, 1180, 1181, 1222, 1230, 1231, 1232, 1233, 1234, 1235, 1236, 1237, 1238, 1261, 1262, 1263, 1264, 1265, 1266, 1267, 1268, 1269, 1274, 1275, 1276, 1277, 1278, 1279, 1280, 1416, 1423, 1424, 1425, 1426
users: 1713, 1714, 1715

role: 62
permissions: 244, 760, 1099, 1104, 1105, 1106, 1107, 1108, 1109, 1110, 1111, 1112, 1113, 1114, 1115, 1116, 1117, 1118, 1119, 1120, 1121, 1122, 1123, 1124, 1125, 1126, 1127, 1408, 1410, 1437
users: 1885, 1886, 1887

role: 63
permissions: 1099, 1104, 1105, 1106, 1107, 1108, 1109, 1110, 1111, 1112, 1113, 1114, 1115, 1116, 1117, 1118, 1119, 1120, 1121, 1122, 1123, 1124, 1125, 1126, 1127, 1484, 1485, 1486, 1487, 1488
users: 2162, 2163, 2164

role: 64
permissions: 74, 313, 562, 563, 564, 565, 566, 567, 568, 569, 570, 571, 572, 573, 574, 575, 598, 816, 817, 818, 1097, 1098, 1099, 1100, 1101, 1102, 1103, 1104, 1105, 1106, 1107, 1108, 1109, 1110, 1111, 1112, 1113, 1114, 1115, 1116, 1117, 1118, 1119, 1120, 1121, 1122, 1123, 1124, 1125, 1126, 1127, 1165, 1167, 1174, 1180, 1181, 1222, 1230, 1231, 1232, 1233, 1234, 1235, 1236, 1237, 1238, 1261, 1262, 1263, 1264, 1265, 1266, 1267, 1268, 1269, 1274, 1275, 1276, 1277, 1278, 1279, 1280, 1416, 1417, 1418, 1419, 1420, 1421, 1422, 1426, 1495, 1496, 1497, 1498, 1499, 1500, 1501, 1502, 1503, 1504, 1505, 1506, 1507, 1508, 1509, 1510, 1511, 1512, 1513, 1514, 1515, 1516, 1517, 1518, 1519, 1520, 1521, 1522, 1523, 1524, 1525, 1526, 1527, 1528, 1529, 1530, 1531, 1532, 1533, 1534, 1535, 1536, 1537, 1538, 1539, 1540, 1541, 1542, 1543, 1544, 1545, 1546
users: 2943, 3061

role: 65
permissions: 205, 1099, 1104, 1105, 1106, 1107, 1108, 1109, 1110, 1111, 1112, 1113, 1114, 1115, 1116, 1117, 1118, 1119, 1120, 1121, 1122, 1123, 1124, 1125, 1126, 1127, 1223, 1579, 1580
users: 3065, 3066, 3067

role: 66
permissions: 39, 452, 453, 454, 466, 467, 468, 469, 470, 471, 477, 478, 479, 480, 481, 482, 483, 484, 485, 486, 487, 488, 489, 490, 491, 492, 493, 494, 495, 496, 497, 498, 499, 500, 501, 502, 503, 504, 505, 506, 507, 508, 509, 510, 511, 512, 513, 514, 515, 516, 517, 518, 519, 520, 521, 522, 523, 524, 525, 526, 527, 528, 1586
users: 3346, 3347, 3348

role: 67
permissions: 9, 10, 11, 12, 13, 14, 15, 16, 17, 18, 21, 22, 23, 25, 26, 27, 28, 37, 38, 51, 60, 77, 78, 79, 80, 81, 82, 83, 84, 85, 86, 87, 88, 89, 90, 91, 92, 93, 94, 95, 96
users: 3, 4

role: 68
permissions: 39, 452, 453, 454, 466, 467, 468, 469, 470, 471, 477, 478, 479, 480, 481, 482, 483, 484, 485, 486, 487, 488, 489, 490, 491, 492, 493, 494, 495, 496, 497, 498, 499, 500, 501, 502, 503, 504, 505, 506, 507, 508, 509, 510, 511, 512, 513, 514, 515, 516, 517, 518, 519, 520, 521, 522, 523, 524, 525, 526, 527, 528
users: 46

role: 69
permissions: 295, 373, 374, 466, 467, 471, 472, 473, 474, 475, 476, 578, 600, 601, 660, 661, 697, 698, 699, 700, 701, 702, 703, 704, 705, 706, 707, 708, 709, 710, 711, 712, 713, 714, 715, 716, 717, 718, 719, 720, 721, 722, 723, 724, 725, 726, 727, 728, 729, 730, 731, 732, 733, 734, 735
users: 80, 275, 1880, 1881

role: 70
permissions: 8, 37, 38, 41, 43, 45, 46, 51, 60, 65, 77, 78, 79, 80, 81, 82, 83, 84, 85, 86, 87, 88, 89, 90, 91, 92, 93, 94, 95, 96, 144, 145, 146, 172, 173, 174, 194, 196, 197, 198, 296, 363, 613, 674, 675, 676, 677, 680, 784, 833, 840, 855, 856, 857, 858, 861, 862, 863, 864, 866, 867, 871, 872, 873, 874, 875, 876, 877, 878, 884, 885, 886, 887
users: 89

role: 71
permissions: 373, 374, 707, 1099, 1104, 1105, 1106, 1107, 1108, 1109, 1110, 1111, 1112, 1113, 1114, 1115, 1116, 1117, 1118, 1119, 1120, 1121, 1122, 1123, 1124, 1125, 1126, 1127, 1133
users: 118, 119, 120, 121

role: 72
permissions: 1099, 1104, 1105, 1106, 1107, 1108, 1109, 1110, 1111, 1112, 1113, 1114, 1115, 1116, 1117, 1118, 1119, 1120, 1121, 1122, 1123, 1124, 1125, 1126, 1127, 1250, 1251, 1252, 1253, 1254, 1255, 1256, 1257, 1258, 1259, 1260
users: 520, 521, 2776, 3121

role: 73
permissions: 38, 51, 60, 77, 78, 79, 80, 81, 82, 83, 84, 85, 86, 87, 88, 89, 90, 91, 92, 93, 94, 95, 96, 119
users: 5, 6, 21, 26, 90

role: 74
permissions: 38, 51, 60, 77, 78, 79, 80, 81, 82, 83, 84, 85, 86, 87, 88, 89, 90, 91, 92, 93, 94, 95, 96, 115, 116, 117, 118, 151, 164, 165, 166, 167, 168, 169, 170, 171, 172, 173, 174, 175, 176, 177, 178, 179, 180, 181, 182, 183, 184, 185, 186, 187, 188, 189, 190, 191, 192, 193, 194, 195, 196, 197, 198, 199, 200
users: 12, 13, 14, 15, 16

role: 75
permissions: 38, 47, 48, 49, 50, 51, 60, 77, 78, 79, 80, 81, 82, 83, 84, 85, 86, 87, 88, 89, 90, 91, 92, 93, 94, 95, 96, 118, 132, 146, 147, 153, 211, 260, 288, 290, 291, 292, 293, 294, 295, 296, 297, 298, 299, 300, 301, 302, 303, 304, 305, 306, 307, 308, 309, 310, 311, 312, 313, 314, 315, 316, 317, 318, 319, 320, 321, 322, 323, 324, 325, 326, 327, 328, 329
users: 38, 40, 41, 69, 76

role: 76
permissions: 38, 51, 60, 77, 78, 79, 80, 81, 82, 83, 84, 85, 86, 87, 88, 89, 90, 91, 92, 93, 94, 95, 96, 344, 345
users: 42, 43, 86, 106, 124

role: 77
permissions: 38, 45, 47, 48, 49, 50, 51, 55, 60, 77, 78, 79, 80, 81, 82, 83, 84, 85, 86, 87, 88, 89, 90, 91, 92, 93, 94, 95, 96, 106, 131, 132, 133, 135, 234, 236, 239, 247, 250, 295, 330, 338, 365, 611, 612, 613, 614, 615, 616, 617, 618, 619, 620, 621, 622, 623, 624, 625, 626, 627, 628, 629, 630, 631, 632, 633, 634, 635, 636, 637, 638, 639, 640, 641, 642, 643, 644, 645, 646
users: 54, 66, 71, 101, 102

role: 78
permissions: 373, 374, 466, 467, 471, 472, 473, 474, 475, 476, 578, 697, 698, 699, 700, 701, 702, 703, 704, 705, 706, 707, 708, 709, 710, 711, 712, 713, 714, 715
users: 1879, 1880, 1881

role: 79
permissions: 238, 850
users: 117

role: 80
permissions: 8, 42, 65, 78, 111, 112, 113, 114, 117, 118, 151, 155, 157, 201, 202, 211, 215, 216, 273, 314, 880, 1086, 1087, 1088, 1089, 1090, 1091, 1092, 1093, 1094
users: 108, 109, 110, 111, 112

role: 81
permissions: 134, 375, 376, 377, 378, 379, 380, 381, 382, 383, 384, 385, 386, 387, 388, 389, 390, 391, 392, 393, 394, 395, 396, 397, 398, 399, 400, 401, 402, 403, 404, 405, 406, 407, 408, 409, 410, 411, 412, 413, 414, 415, 416, 417, 418, 420, 424, 425, 426, 427, 428, 430, 431, 432, 433, 434, 435, 436, 437, 438, 439, 440, 442, 443, 444, 445, 446, 447, 448, 449, 450, 451, 452, 453, 454, 455, 456, 457, 458, 459, 460, 461, 462, 463, 464, 465, 662, 663, 664, 665, 666, 667, 1177, 1200, 1208, 1209, 1210, 1285, 1286, 1287, 1288, 1289, 1290, 1291, 1292, 1293, 1294, 1295, 1296, 1297, 1298, 1299, 1300, 1301, 1302, 1303, 1304, 1305, 1306, 1307, 1308, 1309, 1310, 1311, 1312, 1313, 1314, 1315, 1316, 1317, 1318, 1319, 1320, 1321, 1322, 1323, 1324, 1325, 1326, 1327, 1328, 1329, 1330, 1331, 1332, 1333, 1334, 1335, 1336, 1337, 1338, 1339, 1340, 1341, 1342, 1343, 1344, 1345, 1346, 1347, 1348, 1349, 1350, 1351, 1352
users: 763, 764, 765, 3108, 3113

role: 82
permissions: 1099, 1104, 1105, 1106, 1107, 1108, 1109, 1110, 1111, 1112, 1113, 1114, 1115, 1116, 1117, 1118, 1119, 1120, 1121, 1122, 1123, 1124, 1125, 1126, 1127, 1155, 1156, 1157, 1353, 1354
users: 775, 2938, 2946, 3349, 3350

role: 83
permissions: 1099, 1104, 1105, 1106, 1107, 1108, 1109, 1110, 1111, 1112, 1113, 1114, 1115, 1116, 1117, 1118, 1119, 1120, 1121, 1122, 1123, 1124, 1125, 1126, 1127, 1210, 1435, 1436
users: 1854, 1855, 1856, 1857, 1858

role: 84
permissions: 1099, 1104, 1105, 1106, 1107, 1108, 1109, 1110, 1111, 1112, 1113, 1114, 1115, 1116, 1117, 1118, 1119, 1120, 1121, 1122, 1123, 1124, 1125, 1126, 1127, 1451
users: 1926, 1927, 1928, 1929, 1936

role: 85
permissions: 74, 313, 562, 563, 564, 565, 566, 567, 568, 569, 570, 571, 572, 573, 574, 575, 816, 817, 818, 1097, 1098, 1099, 1100, 1101, 1102, 1103, 1104, 1105, 1106, 1107, 1108, 1109, 1110, 1111, 1112, 1113, 1114, 1115, 1116, 1117, 1118, 1119, 1120, 1121, 1122, 1123, 1124, 1125, 1126, 1127, 1165, 1167, 1174, 1180, 1181, 1222, 1230, 1231, 1232, 1233, 1234, 1235, 1236, 1237, 1238, 1261, 1262, 1263, 1264, 1265, 1266, 1267, 1268, 1269, 1274, 1275, 1276, 1277, 1278, 1279, 1280, 1416, 1417, 1418, 1419, 1420, 1421, 1422, 1426, 1495, 1496, 1497, 1498, 1499, 1500, 1501, 1502, 1503, 1504, 1505, 1506, 1507, 1508, 1509, 1510, 1511, 1512, 1513, 1514, 1515, 1516, 1517, 1518, 1519, 1520, 1521, 1522, 1523, 1524, 1525, 1526, 1527, 1528, 1529, 1530, 1531, 1532, 1533, 1534, 1535, 1536, 1537, 1538, 1539, 1540, 1541, 1542, 1545, 1546
users: 2943, 3061, 3143

role: 86
permissions: 1555, 1556, 1557, 1558, 1559, 1564, 1565, 1566, 1567, 1568, 1569, 1570, 1571, 1572, 1573, 1574, 1575, 1576, 1577, 1578
users: 2943, 3051, 3061, 3143

role: 87
permissions: 38, 51, 60, 77, 78, 79, 80, 81, 82, 83, 84, 85, 86, 87, 88, 89, 90, 91, 92, 93, 94, 95, 96, 363
users: 47

role: 88
permissions: 8, 38, 45, 51, 60, 77, 78, 79, 80, 81, 82, 83, 84, 85, 86, 87, 88, 89, 90, 91, 92, 93, 94, 95, 96, 635, 639, 744, 809, 810, 811, 812, 813, 814, 815, 816, 817, 818, 819, 820, 821, 822, 823, 824, 825, 826, 827, 828, 829, 830, 831, 832
users: 87, 95, 96, 97, 99, 113

role: 89
permissions: 1099, 1104, 1105, 1106, 1107, 1108, 1109, 1110, 1111, 1112, 1113, 1114, 1115, 1116, 1117, 1118, 1119, 1120, 1121, 1122, 1123, 1124, 1125, 1126, 1127, 1416, 1417, 1418, 1419, 1420, 1421, 1422
users: 1683, 2943, 3061

role: 90
permissions: 120
users: 29, 33, 117

role: 91
permissions: 8, 38, 51, 60, 77, 78, 79, 81, 82, 83, 84, 85, 86, 87, 88, 89, 90, 91, 92, 93, 94, 95, 96, 118, 215, 1092, 1095
users: 110, 111, 112, 113, 117

role: 92
permissions: 1099, 1104, 1105, 1106, 1107, 1108, 1109, 1110, 1111, 1112, 1113, 1114, 1115, 1116, 1117, 1118, 1119, 1120, 1121, 1122, 1123, 1124, 1125, 1126, 1127, 1223
users: 360, 361, 362, 369

role: 93
permissions: 8, 38, 51, 60, 77, 78, 79, 80, 81, 82, 83, 84, 85, 86, 87, 88, 89, 90, 91, 92, 93, 94, 95, 96, 134, 279, 288, 289
users: 38, 40, 41, 100, 101

role: 94
permissions: 1152, 1153, 1154
users: 217, 220, 550, 551, 552, 553, 1079, 1380

role: 95
permissions: 135, 238, 662, 663, 664, 665, 666, 667, 1177, 1200, 1208, 1209, 1210, 1379, 1380, 1381, 1382, 1383, 1384, 1385, 1386, 1387, 1388, 1389
users: 963, 964, 965, 966, 974, 975, 976, 1005

role: 96
permissions: 466, 467, 468, 469, 470, 471, 767, 1442, 1443, 1444, 1445, 1446, 1447, 1448, 1449, 1450
users: 1918, 1919, 1920, 1921, 1922, 1923, 1924, 1925

role: 97
permissions: 37, 38, 39, 40, 41, 42, 43, 44, 45, 46, 47, 48, 49, 50, 51, 52, 53, 54, 55, 56, 57, 58, 59, 60, 61, 62, 63, 64, 65, 66, 67, 68, 69, 70, 75, 76, 77, 78, 79, 80, 81, 82, 83, 84, 85, 86, 87, 88, 89, 90, 91, 92, 93, 94, 95, 96, 97, 98, 99, 102, 103, 104, 105, 106, 107, 108, 111, 112, 113, 114, 118, 131, 133, 135, 146, 147, 210, 211, 234, 236, 238, 239, 244, 247, 250, 295, 312, 313, 314, 315, 316, 317, 318, 319, 320, 321, 322, 326, 327, 328, 329, 330, 338, 357, 368, 375, 531, 532, 606, 607, 608, 611, 612, 613, 614, 616, 617, 618, 619, 620, 621, 622, 623, 624, 625, 626, 627, 628, 629, 630, 631, 632, 633, 636, 638, 641, 642, 643, 644, 645, 674, 675, 676, 677, 680, 739, 748, 752, 755, 756, 757, 758, 760, 764, 773, 774, 775, 776, 777, 784, 785, 786, 787, 788, 789, 790, 791, 792, 793, 794, 795, 796, 797, 798, 799, 800, 806, 807, 808
users: 82, 83, 84, 85, 87

role: 98
permissions: 466, 467, 468, 469, 470, 471, 767, 1442, 1443, 1444, 1445, 1446, 1447, 1448, 1449
users: 2198

role: 99
permissions: 115, 116, 117
users: 3, 4, 9, 11, 17

role: 100
permissions: 38, 47, 48, 49, 50, 51, 60, 77, 78, 79, 80, 81, 82, 83, 84, 85, 86, 87, 88, 89, 90, 91, 92, 93, 94, 95, 96, 121, 122, 123, 124, 132, 142, 144, 145, 146, 147, 149, 150, 151, 152, 153
users: 8, 29, 30, 31, 32, 33

role: 101
permissions: 164, 165, 166, 167, 168, 169, 170, 171, 175, 176, 177, 178, 179, 180, 181, 182, 183, 184, 185, 186, 187, 188, 189, 190, 191, 192, 193, 195, 199
users: 11, 17, 40, 41

role: 102
permissions: 38, 45, 46, 51, 60, 65, 76, 77, 78, 79, 80, 81, 82, 83, 84, 85, 86, 87, 88, 89, 90, 91, 92, 93, 94, 95, 96, 111, 112, 113, 114, 210, 211
users: 19, 82, 83, 84, 85, 87

role: 103
permissions: 38, 51, 60, 77, 78, 79, 80, 81, 82, 83, 84, 85, 86, 87, 88, 89, 90, 91, 92, 93, 94, 95, 96, 222, 223, 224, 225, 226, 227, 228, 229, 230
users: 22, 23, 24, 25, 28, 30, 31, 32, 103, 107

role: 104
permissions: 707
users: 1879, 1880, 1881, 1936

role: 105
permissions: 47, 48, 49, 50, 55, 78, 80, 86, 88, 90, 106, 131, 133, 135, 234, 236, 239, 247, 250, 295, 330, 338, 611, 612, 613, 614, 616, 617, 618, 619, 620, 621, 622, 623, 624, 625, 626, 627, 628, 629, 630, 631, 632, 633, 636, 638, 641, 642, 643, 644, 645, 806, 807, 808
users: 82, 83, 84, 85, 87, 105

role: 106
permissions: 466, 467, 468, 469, 470, 471, 473, 474, 475, 476, 1394, 1395, 1396, 1397, 1398, 1399, 1400, 1401, 1402
users: 1141, 1142, 1143, 1144, 1145, 1146, 1174, 1269, 1270, 1755

role: 107
permissions: 562, 565, 1416, 1426
users: 1766, 2749, 2943, 3061

role: 108
permissions: 1429, 1430, 1431
users: 2015, 2018, 2019, 2020, 2021, 2022, 2023, 2024

role: 109
permissions: 172, 173, 174, 194, 196, 197, 198
users: 11, 17

role: 110
permissions: 238, 589, 647, 648, 649, 650, 651, 652, 653, 654, 655, 656, 657, 658, 659, 660, 661, 663, 664, 665, 666, 667
users: 58, 274, 367, 665, 832, 833, 906, 1668, 1690, 1954, 1955

role: 111
permissions: 373, 374, 706, 710, 735
users: 478, 978, 988, 1232, 1880, 1881, 3051, 3061, 3206

role: 112
permissions: 8, 78, 80, 86, 88, 90, 809, 810, 811, 821, 822, 823, 824, 825, 826, 827, 828, 829, 830, 831
users: 87, 98, 100, 101, 102, 105

role: 113
permissions: 135, 1230, 1231, 1232, 1233, 1234, 1235, 1236, 1237, 1238, 1247
users: 379, 380, 381, 382, 383, 384, 385, 386, 387, 388, 389

role: 114
permissions: 38, 47, 48, 49, 50, 51, 60, 77, 78, 79, 80, 81, 82, 83, 84, 85, 86, 87, 88, 89, 90, 91, 92, 93, 94, 95, 96, 118, 146, 147, 211, 288, 304, 305, 306, 307, 308, 309, 310, 311, 312, 313, 314, 315, 316, 317, 318, 319, 320, 321, 322
users: 38, 41, 42, 69, 71, 72, 76, 77, 78

role: 115
permissions: 74, 373, 374, 706, 816, 817, 818, 1097, 1098, 1099, 1100, 1101, 1102, 1103, 1104, 1105, 1106, 1107, 1108, 1109, 1110, 1111, 1112, 1113, 1114, 1115, 1116, 1117, 1118, 1119, 1120, 1121, 1122, 1123, 1124, 1125, 1126, 1127, 1165, 1167, 1174, 1222, 1230, 1231, 1232, 1233, 1234, 1235, 1236, 1237, 1238, 1261, 1262, 1263, 1264, 1265, 1266, 1267, 1268, 1269, 1274, 1275, 1276, 1277, 1278, 1279, 1280, 1281
users: 620, 637, 639, 641, 978, 1079, 1167, 1209, 1210, 1380, 2749, 2943, 3061

role: 116
permissions: 134, 375, 376, 377, 378, 379, 380, 381, 382, 383, 384, 385, 386, 387, 388, 389, 390, 391, 392, 393, 394, 395, 396, 397, 398, 399, 400, 401, 402, 403, 404, 405, 406, 407, 408, 409, 410, 411, 412, 413, 414, 415, 416, 417, 418, 420, 424, 425, 426, 427, 428, 430, 431, 432, 433, 434, 435, 436, 437, 438, 439, 440, 442, 443, 444, 445, 446, 447, 448, 449, 450, 451, 452, 453, 454, 455, 456, 457, 458, 459, 460, 461, 462, 463, 464, 465, 477, 478, 479, 480, 662, 663, 664, 665, 666, 667, 1176, 1177, 1203, 1204, 1205, 1206, 1207, 1208, 1209, 1210, 1391, 1392, 1393
users: 1129, 1175, 1177, 1495, 1496, 1497, 1498, 1499, 1500, 1511, 2177, 2178, 2760

role: 117
permissions: 466, 467, 468, 469, 470, 471, 1394, 1395, 1396, 1397, 1398, 1399, 1400, 1401
users: 1141, 1142, 1143, 1144, 1145, 1146, 1174, 1240, 1269, 1270, 1332, 1889

role: 118
permissions: 166, 167, 168, 169, 170, 171, 175, 176, 177, 178, 179, 180, 181, 182, 183, 184, 185, 186, 187, 188, 189, 190, 191, 192, 193, 195, 199
users: 11, 17, 29, 33, 41

role: 119
permissions: 37, 38, 51, 60, 77, 78, 79, 80, 81, 82, 83, 84, 85, 86, 87, 88, 89, 90, 91, 92, 93, 94, 95, 96, 674, 675, 676, 677, 680
users: 77, 78, 79, 82, 83, 84, 85, 87, 90

role: 120
permissions: 452, 453, 478, 479, 480, 600, 601, 702, 1176, 1180, 1181, 1182, 1183, 1184, 1185, 1270, 1271, 1272, 1273
users: 577, 842, 2961, 2962, 2963, 2964, 2994, 3055, 3056, 3057, 3058, 3059, 3151, 3152

role: 121
permissions: 466, 467, 468, 469, 470, 471, 767, 1438, 1439, 1440, 1441
users: 1889, 1890, 1891, 1893, 1894, 1895, 1896, 1897, 1898, 1899, 1900, 2198, 2199, 2200

role: 122
permissions: 134, 375, 376, 377, 378, 379, 380, 381, 382, 383, 384, 385, 386, 387, 388, 389, 390, 391, 392, 393, 394, 395, 396, 397, 398, 399, 400, 401, 402, 403, 404, 405, 406, 407, 408, 409, 410, 411, 412, 413, 414, 415, 416, 417, 418, 420, 424, 425, 426, 427, 428, 430, 431, 432, 433, 434, 435, 436, 437, 438, 439, 440, 442, 443, 444, 445, 446, 447, 448, 449, 450, 451, 452, 453, 454, 455, 456, 457, 458, 459, 460, 461, 462, 463, 464, 465, 477, 478, 479, 480, 662, 663, 664, 665, 666, 667, 1176, 1177, 1200, 1203, 1204, 1205, 1206, 1207, 1444, 1445, 1446, 1452, 1453, 1454, 1455, 1456, 1457, 1458, 1459, 1460, 1461, 1462, 1463, 1464, 1465, 1466, 1467, 1468, 1469, 1470, 1471, 1472, 1473, 1474, 1475
users: 2000, 2001, 2002, 2003, 2004, 2005, 2006, 2007, 2008, 2009, 2010, 2011, 2012, 2013

role: 123
permissions: 38, 47, 48, 49, 50, 51, 60, 77, 78, 79, 80, 81, 82, 83, 84, 85, 86, 87, 88, 89, 90, 91, 92, 93, 94, 95, 96, 121, 122, 123, 124, 132, 144, 145, 146, 147, 149, 150, 151, 152, 153
users: 8, 29, 33, 38, 41

role: 124
permissions: 8, 38, 45, 51, 60, 77, 78, 79, 80, 81, 82, 83, 84, 85, 86, 87, 88, 89, 90, 91, 92, 93, 94, 95, 96, 744, 809, 810, 811, 816, 819, 820, 822, 824, 827, 828, 829, 830, 831
users: 87, 98, 100, 101, 117

role: 125
permissions: 452, 453, 454, 477, 478, 479, 480, 662, 663, 664, 665, 666, 667, 1177, 1200, 1208, 1209, 1210, 1248
users: 444, 567, 665, 764, 765, 832, 833, 932, 1115, 1665, 1666, 1667, 3027, 3408, 3409

role: 126
permissions: 38, 39, 40, 41, 42, 43, 44, 45, 46, 47, 48, 49, 50, 51, 52, 53, 54, 55, 56, 57, 58, 59, 60, 61, 62, 63, 64, 65, 66, 67, 68, 69, 70, 71, 72, 73, 74, 75, 76, 77, 78, 79, 80, 81, 82, 83, 84, 85, 86, 87, 88, 89, 90, 91, 92, 93, 94, 95, 96, 97, 98, 99, 100, 101, 102, 103, 104, 105, 106, 107, 108, 531, 532, 533, 534, 535, 536, 537, 538, 539, 540, 541, 542, 543, 544
users: 48, 50, 51, 53, 60, 62, 63, 64, 67, 72, 74, 75, 82, 83, 84, 85

role: 127
permissions: 55, 78, 80, 86, 88, 90, 106, 131, 133, 135, 234, 236, 239, 247, 250, 295, 330, 338, 365, 611, 612, 613, 614, 616, 617, 618, 619, 620, 621, 622, 623, 624, 625, 626, 627, 628, 629, 630, 631, 632, 633, 636, 638, 639, 640, 641
users: 54, 66, 67, 69, 71, 72, 74, 75, 76, 77, 78, 102, 103, 104, 105

role: 128
permissions: 8, 38, 45, 51, 60, 77, 78, 79, 80, 81, 82, 83, 84, 85, 86, 87, 88, 89, 90, 91, 92, 93, 94, 95, 96, 744, 809, 810, 811, 820, 822, 824, 827, 828, 829, 830, 831
users: 87, 102, 117

role: 129
permissions: 38, 39, 40, 41, 42, 43, 44, 45, 46, 47, 48, 49, 50, 51, 52, 53, 54, 55, 56, 57, 58, 59, 60, 61, 62, 63, 64, 65, 66, 67, 68, 69, 70, 71, 72, 73, 74, 75, 76, 77, 78, 79, 80, 81, 82, 83, 84, 85, 86, 87, 88, 89, 90, 91, 92, 93, 94, 95, 96, 97, 98, 99, 100, 101, 102, 103, 104, 105, 106, 107, 108, 531, 533
users: 53, 54, 60, 62, 63, 64, 67, 72, 74, 75, 82, 83, 84, 85

role: 130
permissions: 810, 811
users: 87, 94, 105, 117

role: 131
permissions: 37, 38, 51, 60, 77, 78, 79, 80, 81, 82, 83, 84, 85, 86, 87, 88, 89, 90, 91, 92, 93, 94, 95, 96
users: 3, 4, 8, 77, 78, 79, 82, 83, 84, 85, 87, 90

role: 132
permissions: 38, 39, 40, 41, 42, 43, 44, 45, 46, 47, 48, 49, 50, 51, 52, 53, 54, 55, 56, 57, 58, 59, 60, 61, 62, 63, 64, 65, 75, 76, 77, 78, 79, 80, 81, 82, 83, 84, 85, 86, 87, 88, 89, 90, 91, 92, 93, 94, 95, 96, 97, 98, 99, 102, 103, 104, 105, 106, 107, 108, 531, 606, 607, 608
users: 53, 54, 69, 71, 72, 74, 75, 76, 77, 78, 82, 83, 84, 85, 87

role: 133
permissions: 38, 51, 55, 60, 77, 78, 79, 80, 81, 82, 83, 84, 85, 86, 87, 88, 89, 90, 91, 92, 93, 94, 95, 96, 106, 247, 250, 638, 641, 646
users: 60, 62, 63, 64, 66, 67, 69, 71, 72, 74, 75, 76, 77, 78, 84, 103, 104

role: 134
permissions: 38, 47, 48, 49, 50, 51, 60, 77, 78, 79, 80, 81, 82, 83, 84, 85, 86, 87, 88, 89, 90, 91, 92, 93, 94, 95, 96, 118, 146, 147, 211, 312, 313, 314, 315, 316, 317, 318, 319, 320, 321, 322, 326, 327, 328, 329
users: 69, 71, 72, 74, 75, 76, 77, 78, 82, 83, 84, 85, 87

role: 135
permissions: 78, 80, 86, 88, 90, 247, 365
users: 66, 67, 69, 71, 72, 74, 75, 76, 77, 78, 82, 83, 84, 85, 103, 105

role: 136
permissions: 47, 48, 49, 50, 55, 78, 80, 86, 88, 90, 106, 131, 133, 135, 234, 236, 239, 247, 250, 295, 330, 338, 611, 612, 613, 614, 616, 617, 618, 619, 620, 621, 622, 623, 624, 625, 626, 627, 628, 629, 630, 631, 632, 633, 636, 638, 641, 642, 643, 644, 645
users: 66, 67, 69, 71, 72, 74, 75, 76, 77, 78, 82, 83, 84, 85, 87, 105

role: 137
permissions: 39, 452, 453, 454, 466, 467, 468, 469, 470, 471, 477, 478, 479, 480, 481, 482, 483, 484, 485, 486, 487, 488, 489, 490, 491, 492, 493, 494, 495, 496, 497, 498, 499, 500, 501, 502, 503, 504, 505, 506, 507, 508, 509, 510, 511, 512, 513, 514, 515, 516, 517, 518, 519, 520, 521, 522, 523, 524, 525, 526, 527
users: 46, 56, 57, 793, 1096, 1099, 1141, 1142, 1143, 1144, 1145, 1146, 1174, 1240, 1269, 1270, 1332, 1382, 1468, 2756, 2914

role: 138
permissions: 373, 374, 706
users: 478, 563, 978, 988, 1079, 1167, 1209, 1210, 1232, 1380, 1879, 1880, 1881, 2749, 2943, 3061, 3206

role: 139
permissions: 767
users: 2914

role: 140
permissions: 78, 111
users: 79, 82, 83, 84, 85, 87, 108, 109, 110, 111, 117

role: 141
permissions: 78, 80, 86, 88, 90, 106, 131, 133, 135, 234, 236, 239, 295, 330, 338, 611, 612, 613, 614, 616, 617, 618, 619, 620, 621, 622, 623, 624, 625, 626, 627, 628, 629, 630, 631, 632, 633, 636, 638
users: 55, 66, 67, 69, 71, 72, 74, 75, 76, 77, 78, 82, 83, 84, 85, 87, 103, 105

role: 142
permissions: 1099, 1104, 1105, 1106, 1107, 1108, 1109, 1110, 1111, 1112, 1113, 1114, 1115, 1116, 1117, 1118, 1119, 1120, 1121, 1122, 1123, 1124, 1125, 1126, 1127, 1274, 1275, 1276, 1277, 1278, 1279, 1280
users: 621, 638, 640, 697, 698, 776, 978, 988, 1079, 1167, 1209, 1210, 1232, 1380, 2749, 2943, 3061

role: 143
permissions: 38, 39, 40, 41, 42, 43, 44, 45, 46, 47, 48, 49, 50, 51, 52, 53, 54, 55, 56, 57, 58, 59, 60, 61, 62, 63, 64, 65, 75, 76, 77, 78, 79, 80, 81, 82, 83, 84, 85, 86, 87, 88, 89, 90, 91, 92, 93, 94, 95, 96, 97, 98, 99, 102, 103, 104, 105, 106, 107, 108, 531, 532
users: 60, 62, 63, 64, 67, 69, 71, 72, 74, 75, 76, 77, 78, 82, 83, 84, 85, 87

role: 144
permissions: 238, 431, 447, 576, 577, 578, 579, 580, 581, 582, 583, 584, 585, 586, 587, 588, 589, 590, 591, 592, 593, 594, 595, 596, 597, 1155, 1156, 1157, 1158, 1159, 1160, 1161, 1162, 1163, 1164, 1165, 1166, 1167, 1168, 1169, 1170, 1171, 1172, 1173, 1174, 1175
users: 263, 400, 401, 700, 825, 901, 905, 953, 1012, 1223, 1224, 1225, 1226, 1227, 1228, 1229, 2985, 3003, 3079, 3088, 3139, 3140, 3148, 3149, 3203, 3315, 3339, 3380

role: 145
permissions: 74, 816, 817, 818, 1097, 1098, 1099, 1100, 1101, 1102, 1103, 1104, 1105, 1106, 1107, 1108, 1109, 1110, 1111, 1112, 1113, 1114, 1115, 1116, 1117, 1118, 1119, 1120, 1121, 1122, 1123, 1124, 1125, 1126, 1127, 1165, 1167, 1174, 1222, 1230, 1231, 1232, 1233, 1234, 1235, 1236, 1237, 1238, 1261, 1262, 1263, 1264, 1265, 1266, 1267, 1268, 1269
users: 563, 621, 638, 640, 697, 698, 978, 988, 1079, 1167, 1168, 1209, 1210, 1232, 1380, 2749, 2943, 3061

role: 146
permissions: 38, 51, 60, 66, 67, 68, 69, 70, 71, 72, 73, 74, 75, 76, 77, 78, 79, 80, 81, 82, 83, 84, 85, 86, 87, 88, 89, 90, 91, 92, 93, 94, 95, 96, 97, 98, 99
users: 60, 62, 63, 64, 66, 67, 69, 71, 72, 74, 75, 76, 82, 83, 84, 85, 86, 87

role: 147
permissions: 38, 51, 60, 77, 78, 79, 80, 81, 82, 83, 84, 85, 86, 87, 88, 89, 90, 91, 92, 93, 94, 95, 96, 100, 101
users: 60, 62, 63, 64, 66, 67, 69, 71, 72, 74, 75, 76, 77, 78, 82, 83, 84, 85, 86, 87

role: 148
permissions: 74, 1097, 1098, 1099, 1100, 1101, 1102, 1103, 1104, 1105, 1106, 1107, 1108, 1109, 1110, 1111, 1112, 1113, 1114, 1115, 1116, 1117, 1118, 1119, 1120, 1121, 1122, 1123, 1124, 1125, 1126, 1127, 1222
users: 354, 621, 638, 640, 697, 698, 978, 988, 1079, 1167, 1168, 1209, 1210, 1232, 1380, 2749, 2943, 3061

role: 149
permissions: 38, 39, 40, 41, 42, 43, 44, 45, 46, 47, 48, 49, 50, 51, 52, 53, 54, 55, 56, 57, 58, 59, 60, 61, 62, 63, 64, 65, 75, 76, 77, 78, 79, 80, 81, 82, 83, 84, 85, 86, 87, 88, 89, 90, 91, 92, 93, 94, 95, 96, 97, 98, 99, 102, 103, 104, 105, 106, 107, 108
users: 60, 62, 63, 64, 66, 67, 72, 74, 75, 77, 78, 82, 83, 84, 85

role: 150
permissions: 38, 51, 60, 76, 77, 78, 79, 80, 81, 82, 83, 84, 85, 86, 87, 88, 89, 90, 91, 92, 93, 94, 95, 96, 97, 98, 99, 531
users: 60, 62, 63, 64, 66, 67, 72, 73, 74, 75, 77, 78, 82, 83, 84, 85

role: 151
permissions: 74, 1097, 1098, 1099, 1100, 1101, 1102, 1103, 1104, 1105, 1106, 1107, 1108, 1109, 1110, 1111, 1112, 1113, 1114, 1115, 1116, 1117, 1118, 1119, 1120, 1121, 1122, 1123, 1124, 1125, 1126, 1127
users: 114, 354, 621, 638, 640, 697, 698, 978, 988, 1079, 1167, 1168, 1209, 1210, 1232, 1380, 2749, 2943, 3061

role: 152
permissions: 151
users: 11, 29, 33, 108, 109, 110, 111

role: 153
permissions: 39, 452, 453, 454, 466, 467, 468, 469, 470, 471, 477, 478, 479, 480, 481, 482, 483, 484, 485, 486, 487, 488, 489, 490, 491, 492, 493, 494, 495, 496, 497, 498, 499, 500, 501, 502, 503, 504, 505, 506, 507, 508, 509, 510, 511, 512, 513, 514, 515, 516, 517, 518, 519, 520, 521, 522
users: 46, 56, 57, 444, 567, 665, 763, 764, 765, 793, 832, 833, 906, 932, 1096, 1099, 1141, 1142, 1143, 1144, 1145, 1146, 1174, 1240, 1269, 1270, 1332, 1382, 1468, 2756, 2757, 2914

role: 154
permissions: 816, 817, 818
users: 354, 621, 638, 640, 697, 698, 978, 988, 1079, 1167, 1168, 1209, 1210, 1232, 1380, 2749, 2943, 3061

role: 155
permissions: 375, 376, 377, 378, 379, 380, 381, 382, 383, 384, 385, 386, 387, 388, 389, 390, 391, 392, 393, 394, 395, 396, 397, 398, 399, 400, 401, 402, 403, 404, 405, 406, 407, 408, 409, 410, 411, 412, 413, 414, 415, 416, 417, 431, 434, 435, 436, 445, 447, 452, 453, 454, 455, 456, 457, 458, 459, 460, 461, 462, 463, 464, 465, 477, 478, 479, 480, 545, 546, 547, 548, 549, 550, 551, 552, 553, 554, 555, 556, 557, 558, 559, 560, 561, 562, 563, 564, 565, 566, 567, 568, 569, 570, 571, 572, 573, 574, 575, 576, 598, 599, 600, 601, 602, 603, 642, 702, 1165, 1167, 1169, 1170, 1171, 1172, 1173, 1174, 1175, 1176, 1178, 1179, 1180, 1181, 1182, 1183, 1184, 1185, 1186, 1187, 1188, 1189, 1190, 1191, 1192, 1193, 1194, 1195, 1196, 1197, 1198, 1199
users: 289, 290, 291, 307, 391, 400, 401, 509, 510, 634, 696, 700, 704, 780, 781, 802, 825, 901, 905, 943, 944, 953, 1224, 1225, 1226, 1227, 1228, 1229, 3003, 3079, 3088, 3139, 3140, 3148, 3149, 3203, 3315, 3339, 3380

role: 156
permissions: 373, 374
users: 46, 57, 61, 65, 70, 93, 154, 232, 234, 236, 478, 536, 793, 978, 988, 1079, 1167, 1209, 1210, 1232, 1380, 1879, 1880, 1881, 2749, 2943, 3061, 3206

role: 157
permissions: 1158, 1159, 1160, 1161, 1162, 1165, 1166, 1167, 1168, 1174
users: 263, 400, 401, 621, 638, 640, 700, 825, 901, 905, 953, 978, 1079, 1167, 1209, 1210, 1224, 1225, 1226, 1227, 1228, 1229, 1380, 2749, 2943, 3003, 3061, 3079, 3088, 3139, 3140, 3148, 3149, 3203, 3315, 3339, 3380

role: 158
permissions: 78, 118
users: 3, 4, 9, 17, 72, 74, 75, 77, 78, 82, 83, 84, 85, 108, 109, 110, 111

role: 159
permissions: 132
users: 29, 33, 60, 62, 63, 64, 67, 72, 74, 75, 77, 78, 82, 103, 105, 1683

role: 160
permissions: 134, 375, 376, 377, 378, 379, 380, 381, 382, 383, 384, 385, 386, 387, 388, 389, 390, 391, 392, 393, 394, 395, 396, 397, 398, 399, 400, 401, 402, 403, 404, 405, 406, 407, 408, 409, 410, 411, 412, 413, 414, 415, 416, 417, 418, 419, 420, 421, 422, 423, 424, 425, 426, 427, 428, 429, 430, 431, 432, 433, 434, 435, 436, 437, 438, 439, 440, 442, 443, 444, 445, 446, 447, 448, 449, 450, 451, 452, 453, 454, 455, 456, 457, 458, 459, 460, 461, 462, 466, 467, 468, 469, 470, 471, 472, 473, 474, 475, 476, 477, 478, 479, 480
users: 46, 56, 57, 352, 353, 444, 508, 567, 606, 607, 608, 665, 763, 764, 765, 774, 793, 832, 833, 906, 932, 966, 974, 975, 1005, 1096, 1099, 1141, 1142, 1143, 1144, 1145, 1146, 1174, 1240, 1269, 1270, 1332, 1382, 1468, 1657, 2756, 2757, 2914

role: 161
permissions: 1230, 1231, 1232, 1233, 1234, 1235, 1236, 1237, 1238
users: 379, 381, 382, 383, 384, 385, 386, 387, 388, 389, 478, 550, 551, 552, 553, 697, 698, 978, 988, 1079, 1167, 1168, 1209, 1210, 1232, 1380, 2749, 3206

role: 162
permissions: 8, 78
users: 29, 33, 79, 83, 84, 85, 90, 108, 109, 110, 111

role: 163
permissions: 431, 447, 478, 479, 480, 545, 546, 547, 548, 549, 550, 551, 552, 553, 554, 555, 556, 557, 558, 559, 560, 561, 562, 563, 564, 565, 566, 567, 568, 569, 570, 571, 572, 573, 574, 575, 576, 598, 599, 600, 601, 602, 603, 702, 1176, 1178, 1179, 1180, 1181, 1182, 1183, 1184, 1185, 1186, 1187, 1188
users: 263, 289, 290, 291, 307, 391, 400, 401, 509, 510, 634, 696, 700, 704, 780, 781, 802, 825, 901, 905, 943, 944, 953, 1224, 1225, 1226, 1227, 1228, 1229, 2804, 2805, 2876, 2963, 2964, 3003, 3020, 3041, 3055, 3056, 3079, 3088, 3139, 3140, 3144, 3148, 3149, 3151, 3152, 3188, 3203, 3315, 3339, 3380

role: 164
permissions: 466, 467, 471, 472, 473, 474, 475, 476
users: 46, 56, 57, 352, 353, 444, 508, 567, 606, 607, 608, 665, 763, 764, 765, 774, 793, 832, 833, 906, 932, 966, 974, 975, 1005, 1096, 1099, 1141, 1142, 1143, 1144, 1145, 1146, 1174, 1240, 1269, 1270, 1332, 1382, 1468, 1657, 1667, 1879, 1880, 1881, 1882, 1883, 1884, 2756, 2757, 2914, 3027

role: 165
permissions: 431, 447, 545, 546, 547, 548, 549, 550, 551, 552, 553, 554, 555, 556, 557, 558, 559, 560, 561, 562, 563, 564, 565, 566, 567, 568, 569, 570, 571, 572, 573, 574, 575, 576, 598, 599, 600, 601, 602, 603
users: 49, 263, 289, 290, 291, 307, 391, 400, 401, 509, 510, 634, 696, 700, 704, 780, 781, 802, 825, 901, 905, 943, 944, 953, 1224, 1225, 1226, 1227, 1228, 1229, 2804, 2805, 2876, 2963, 2964, 3003, 3020, 3041, 3055, 3056, 3079, 3088, 3139, 3140, 3144, 3148, 3149, 3151, 3152, 3188, 3203, 3315, 3339, 3380

role: 166
permissions: 1187
users: 263, 289, 290, 291, 307, 391, 400, 401, 509, 510, 634, 696, 700, 704, 780, 781, 802, 825, 901, 905, 943, 944, 953, 1224, 1225, 1226, 1227, 1228, 1229, 1936, 2804, 2805, 2876, 2963, 2964, 3003, 3020, 3041, 3055, 3056, 3079, 3088, 3139, 3140, 3144, 3148, 3149, 3151, 3152, 3188, 3203, 3315, 3339, 3380

role: 167
permissions: 47, 48, 49, 50
users: 3, 4, 9, 17, 103

role: 168
permissions: 47, 48, 49
users: 9, 17, 2019

role: 169
permissions: 431, 447, 576, 1165, 1167, 1169, 1170, 1171, 1172, 1173, 1175
users: 263, 270, 289, 290, 291, 307, 391, 400, 401, 404, 509, 510, 634, 696, 700, 704, 780, 781, 802, 825, 844, 845, 901, 905, 916, 943, 944, 953, 954, 1048, 1060, 1224, 1225, 1226, 1227, 1228, 1229, 1271, 3003, 3054, 3079, 3085, 3088, 3089, 3139, 3140, 3148, 3149, 3203, 3298, 3315, 3331, 3339, 3341, 3380

role: 170
permissions: 134, 394, 395, 396, 397, 398, 399, 400, 401, 402, 403, 404, 405, 406, 407, 408, 409, 410, 411, 412, 413, 414, 415, 416, 417, 418, 420, 424, 425, 426, 427, 428, 431, 432, 433, 434, 435, 436, 437, 438, 439, 440, 442, 443, 444, 445, 446, 447, 448, 449, 450, 451, 590, 1211, 1212
users: 331, 332, 333, 338, 567, 606, 607, 608, 610, 619, 763, 764, 765, 774, 842, 873, 906, 908, 909, 910, 911, 912, 913, 932, 934, 1063, 1065, 1099, 1141, 1142, 1144, 1174, 1175, 1240, 1382, 1419, 1420, 1443, 1467, 1478, 1479, 1496, 1498, 1500, 2001, 2003, 2005, 2007, 2009, 2011, 2013, 2148, 2177, 2756, 2760, 2914, 2964, 2981, 3027, 3113, 3408

role: 171
permissions: 1158, 1159, 1160, 1161, 1162, 1165, 1167, 1168, 1174
users: 263, 270, 400, 401, 404, 509, 510, 634, 696, 700, 704, 780, 781, 802, 825, 844, 901, 905, 916, 943, 944, 953, 954, 978, 1048, 1079, 1167, 1209, 1210, 1224, 1225, 1226, 1227, 1228, 1229, 1271, 1380, 2749, 3003, 3054, 3079, 3085, 3088, 3089, 3139, 3140, 3148, 3149, 3203, 3298, 3315, 3331, 3339, 3341, 3380

role: 172
permissions: 431, 447, 576, 1165, 1167, 1169, 1171, 1172, 1173, 1175
users: 263, 270, 289, 290, 291, 307, 391, 400, 401, 404, 405, 509, 510, 634, 696, 700, 704, 780, 781, 802, 825, 844, 845, 901, 905, 916, 943, 944, 953, 954, 955, 1048, 1060, 1224, 1225, 1226, 1227, 1228, 1229, 1271, 1363, 3003, 3054, 3062, 3079, 3085, 3086, 3088, 3089, 3139, 3140, 3148, 3149, 3203, 3298, 3315, 3331, 3339, 3341, 3380

role: 173
permissions: 452, 453, 454, 477, 478, 479, 480, 1176, 1203, 1204, 1205, 1206, 1207
users: 330, 331, 332, 333, 334, 335, 336, 337, 338, 444, 567, 577, 610, 618, 619, 665, 764, 765, 832, 842, 872, 873, 932, 933, 934, 935, 1063, 1064, 1065, 1115, 1129, 1175, 1177, 1197, 1419, 1420, 1421, 1422, 1495, 1496, 1497, 1498, 1499, 1500, 1511, 1665, 1666, 1667, 2000, 2001, 2002, 2003, 2004, 2005, 2006, 2007, 2008, 2009, 2010, 2011, 2012, 2013, 2148, 2177, 2178, 2760, 2980, 2981, 3027, 3311, 3408, 3409

role: 174
permissions: 562
users: 49, 263, 289, 290, 291, 307, 391, 400, 401, 509, 510, 634, 696, 700, 704, 780, 781, 802, 825, 901, 905, 943, 944, 953, 1224, 1225, 1226, 1227, 1228, 1229, 2015, 2018, 2019, 2020, 2021, 2022, 2023, 2024, 2197, 2749, 2804, 2805, 2876, 2963, 2964, 3003, 3020, 3041, 3055, 3056, 3079, 3088, 3139, 3140, 3144, 3148, 3149, 3151, 3152, 3188, 3203, 3315, 3339, 3380

role: 175
permissions: 134, 394, 395, 396, 397, 398, 399, 400, 401, 402, 403, 404, 405, 406, 407, 408, 409, 410, 411, 412, 413, 414, 415, 416, 417, 418, 420, 424, 425, 426, 427, 428, 431, 432, 433, 434, 435, 436, 437, 438, 439, 440, 441, 442, 443, 444, 445, 446, 447, 448, 449, 450, 451
users: 46, 56, 57, 330, 335, 352, 353, 444, 508, 577, 608, 618, 665, 774, 793, 832, 833, 842, 872, 908, 909, 910, 911, 912, 913, 933, 935, 966, 974, 975, 1005, 1064, 1096, 1129, 1143, 1145, 1146, 1177, 1197, 1269, 1270, 1332, 1421, 1422, 1443, 1467, 1468, 1478, 1479, 1495, 1497, 1499, 1511, 1657, 1667, 1695, 2000, 2002, 2004, 2006, 2008, 2010, 2012, 2148, 2178, 2757, 2804, 2805, 2876, 2963, 2980, 3108, 3311, 3409

role: 176
permissions: 478, 479, 480, 600, 601, 1176, 1182, 1183, 1184, 1185
users: 263, 289, 290, 291, 307, 330, 331, 332, 333, 335, 336, 337, 338, 391, 400, 401, 509, 510, 577, 634, 696, 700, 704, 780, 781, 802, 825, 842, 901, 905, 943, 944, 953, 1197, 1224, 1225, 1226, 1227, 1228, 1229, 1419, 1420, 1421, 1422, 1695, 1696, 1698, 1699, 1700, 1701, 1702, 1703, 1704, 1705, 1706, 1707, 1708, 1709, 1710, 2148, 2804, 2805, 2876, 2963, 2964, 3003, 3020, 3041, 3055, 3056, 3079, 3088, 3139, 3140, 3144, 3148, 3149, 3151, 3152, 3188, 3203, 3311, 3315, 3339, 3380

role: 177
permissions: 662, 663, 664, 665, 667, 1208, 1209, 1210
users: 330, 331, 332, 333, 335, 338, 367, 444, 567, 577, 610, 618, 619, 665, 832, 833, 842, 872, 906, 932, 933, 934, 935, 966, 974, 975, 1005, 1063, 1064, 1065, 1129, 1175, 1177, 1197, 1419, 1420, 1421, 1422, 1495, 1496, 1497, 1498, 1499, 1500, 1667, 1668, 1690, 1695, 1954, 1955, 2000, 2001, 2002, 2003, 2004, 2005, 2006, 2007, 2009, 2010, 2011, 2012, 2013, 2148, 2177, 2756, 2757, 2760, 2804, 2805, 2876, 2914, 2952, 2980, 2981, 3027, 3311, 3408, 3409

role: 178
permissions: 702
users: 263, 289, 290, 291, 307, 391, 400, 401, 509, 510, 577, 610, 618, 619, 634, 696, 700, 704, 780, 781, 802, 825, 842, 872, 873, 901, 905, 933, 934, 935, 943, 944, 953, 1063, 1064, 1065, 1224, 1225, 1226, 1227, 1228, 1229, 1695, 1696, 1698, 1699, 1700, 1701, 1702, 1703, 1704, 1705, 1706, 1707, 1708, 1709, 1710, 1879, 1880, 1881, 2804, 2805, 2876, 2963, 2964, 2980, 2981, 3003, 3020, 3041, 3055, 3056, 3079, 3088, 3139, 3140, 3144, 3148, 3149, 3151, 3152, 3188, 3203, 3315, 3339, 3380

role: 179
permissions: 662, 663, 664, 665, 667
users: 58, 330, 331, 332, 333, 335, 338, 444, 567, 577, 610, 618, 619, 665, 832, 833, 842, 872, 873, 906, 932, 933, 934, 935, 966, 974, 975, 1005, 1063, 1064, 1065, 1129, 1175, 1177, 1197, 1419, 1420, 1421, 1422, 1495, 1496, 1497, 1498, 1499, 1500, 1667, 1668, 1690, 1695, 1954, 1955, 2148, 2177, 2756, 2757, 2760, 2804, 2805, 2876, 2914, 2952, 2963, 2964, 2980, 2981, 3027, 3041, 3055, 3056, 3083, 3311, 3408, 3409

role: 180
permissions: 663, 664, 665, 666, 667
users: 274, 330, 331, 332, 333, 338, 444, 567, 577, 610, 618, 619, 665, 832, 833, 872, 873, 906, 932, 933, 934, 935, 966, 974, 975, 1005, 1063, 1064, 1065, 1129, 1175, 1177, 1197, 1419, 1420, 1421, 1422, 1495, 1496, 1497, 1498, 1499, 1500, 1667, 1668, 1690, 1954, 1955, 2148, 2177, 2756, 2757, 2760, 2804, 2805, 2876, 2914, 2952, 2963, 2964, 2980, 2981, 3027, 3041, 3055, 3056, 3144, 3151, 3152, 3311, 3408, 3409

role: 181
permissions: 1174
users: 263, 270, 289, 290, 291, 307, 379, 381, 382, 383, 384, 385, 386, 387, 388, 389, 391, 400, 401, 404, 478, 509, 510, 550, 551, 552, 553, 634, 696, 697, 698, 700, 704, 780, 781, 802, 825, 844, 901, 905, 916, 943, 944, 953, 954, 978, 988, 1048, 1079, 1167, 1168, 1209, 1210, 1224, 1225, 1226, 1227, 1228, 1229, 1232, 1271, 1380, 2749, 3003, 3054, 3079, 3085, 3088, 3089, 3139, 3140, 3148, 3149, 3203, 3206, 3298, 3315, 3331, 3339, 3341, 3380

role: 182
permissions: 466, 467, 468, 469, 470, 471
users: 46, 56, 57, 444, 567, 665, 774, 793, 832, 833, 906, 909, 911, 913, 932, 966, 974, 975, 1005, 1096, 1099, 1141, 1142, 1143, 1144, 1145, 1146, 1174, 1240, 1269, 1270, 1332, 1382, 1443, 1444, 1445, 1446, 1447, 1448, 1449, 1450, 1451, 1452, 1453, 1454, 1455, 1456, 1457, 1467, 1468, 1479, 1657, 1667, 1832, 1833, 1834, 1835, 1836, 1879, 1880, 1881, 1882, 1883, 1884, 2756, 2757, 2914, 2952, 3027, 3083

role: 183
permissions: 78, 80
users: 9, 17, 108, 109, 110, 111

role: 184
permissions: 1180, 1181
users: 263, 289, 290, 291, 307, 391, 400, 401, 509, 510, 577, 610, 618, 619, 634, 696, 697, 698, 700, 704, 780, 781, 802, 825, 842, 872, 873, 901, 905, 933, 934, 935, 943, 944, 953, 978, 988, 1063, 1064, 1065, 1079, 1167, 1168, 1209, 1210, 1224, 1225, 1226, 1227, 1228, 1229, 1232, 1380, 1695, 1696, 1698, 1699, 1700, 1701, 1702, 1703, 1704, 1705, 1706, 1707, 1708, 1709, 1710, 2749, 2804, 2805, 2876, 2963, 2964, 2980, 2981, 3003, 3020, 3041, 3055, 3056, 3079, 3088, 3139, 3140, 3144, 3148, 3149, 3151, 3152, 3188, 3203, 3315, 3339, 3380

role: 185
permissions: 375, 376, 377, 378, 379, 380, 381, 382, 383, 384, 385, 386, 387, 388, 389, 390, 391, 392, 393, 394, 395, 396, 397, 398, 399, 400, 401, 402, 403, 404, 405, 406, 407, 408, 409, 410, 411, 412, 413, 414, 415, 416, 417, 424, 430, 431, 433, 434, 435, 436, 445, 447, 452, 453, 454, 455, 456, 457, 458, 459, 460, 461, 462
users: 46, 56, 57, 330, 331, 332, 333, 335, 338, 444, 567, 577, 610, 618, 619, 665, 774, 793, 832, 833, 842, 872, 873, 906, 932, 933, 934, 935, 966, 974, 975, 1005, 1063, 1064, 1065, 1096, 1099, 1129, 1141, 1142, 1143, 1144, 1145, 1146, 1174, 1175, 1177, 1197, 1240, 1269, 1270, 1332, 1382, 1419, 1420, 1421, 1422, 1468, 1495, 1496, 1497, 1498, 1499, 1500, 1657, 1667, 1695, 2148, 2177, 2756, 2757, 2760, 2804, 2805, 2876, 2914, 2963, 2964, 2980, 2981, 3027, 3041, 3055, 3056, 3144, 3151, 3152, 3311, 3408, 3409

role: 186
permissions: 431, 576
users: 49, 115, 133, 141, 244, 256, 257, 263, 270, 289, 290, 291, 307, 308, 313, 321, 391, 392, 393, 397, 400, 401, 404, 405, 406, 459, 477, 500, 509, 510, 634, 662, 696, 700, 704, 771, 780, 781, 802, 825, 844, 845, 846, 858, 887, 896, 901, 905, 916, 943, 944, 953, 954, 955, 961, 962, 977, 1048, 1060, 1066, 1102, 1110, 1111, 1121, 1122, 1123, 1137, 1138, 1189, 1221, 1222, 1224, 1225, 1226, 1227, 1228, 1229, 1271, 1363, 1381, 2765, 2804, 2805, 2876, 2923, 2934, 2963, 2964, 3003, 3020, 3041, 3054, 3055, 3056, 3062, 3063, 3070, 3071, 3072, 3073, 3077, 3079, 3085, 3086, 3087, 3088, 3089, 3139, 3140, 3144, 3148, 3149, 3151, 3152, 3188, 3203, 3298, 3315, 3331, 3339, 3341, 3380

role: 187
permissions: 394, 395, 396, 397, 398, 399, 400, 401, 402, 403, 404, 405, 406, 407, 408, 409, 410, 411, 412, 413, 414, 415, 416, 417, 418, 431, 434, 435, 436, 437, 445, 447
users: 46, 56, 57, 289, 290, 291, 307, 330, 331, 332, 333, 335, 338, 444, 567, 577, 610, 618, 619, 665, 774, 793, 832, 833, 842, 872, 873, 906, 909, 910, 911, 912, 913, 932, 933, 934, 935, 966, 974, 975, 1005, 1063, 1064, 1065, 1096, 1099, 1129, 1141, 1142, 1143, 1144, 1145, 1146, 1174, 1175, 1177, 1197, 1240, 1269, 1270, 1332, 1382, 1419, 1420, 1421, 1422, 1443, 1467, 1468, 1478, 1479, 1495, 1496, 1497, 1498, 1499, 1500, 1657, 1667, 1695, 2148, 2177, 2756, 2757, 2760, 2804, 2805, 2876, 2914, 2963, 2964, 2980, 2981, 3027, 3041, 3055, 3056, 3311, 3408, 3409

role: 188
permissions: 1200
users: 291, 307, 330, 331, 332, 333, 338, 391, 400, 401, 444, 509, 510, 567, 610, 618, 619, 634, 665, 696, 700, 704, 780, 781, 802, 825, 832, 833, 842, 872, 873, 901, 905, 906, 932, 933, 934, 935, 943, 944, 953, 966, 974, 975, 1005, 1063, 1064, 1065, 1129, 1175, 1177, 1197, 1224, 1225, 1226, 1227, 1228, 1229, 1419, 1420, 1421, 1422, 1495, 1496, 1497, 1498, 1499, 1500, 1667, 1668, 1690, 1954, 1955, 2148, 2177, 2756, 2757, 2760, 2876, 2914, 2952, 2963, 2980, 2981, 3003, 3027, 3041, 3055, 3056, 3079, 3083, 3088, 3139, 3140, 3148, 3149, 3203, 3311, 3315, 3339, 3380, 3408, 3409

role: 189
permissions: 394, 395, 396, 397, 398, 399, 400, 401, 402, 403, 404, 405, 406, 407, 408, 409, 410, 411, 412, 413, 414, 415, 416, 417, 431, 434, 435, 436, 437, 445, 447
users: 46, 56, 57, 289, 290, 291, 307, 330, 331, 332, 333, 335, 338, 444, 567, 577, 610, 618, 619, 665, 774, 793, 832, 833, 842, 872, 873, 906, 909, 910, 911, 912, 913, 932, 933, 934, 935, 966, 974, 975, 1005, 1063, 1064, 1065, 1096, 1099, 1141, 1142, 1143, 1144, 1145, 1146, 1174, 1197, 1240, 1269, 1270, 1332, 1382, 1419, 1420, 1421, 1422, 1443, 1467, 1468, 1478, 1479, 1657, 1667, 1695, 2148, 2756, 2757, 2804, 2805, 2876, 2914, 2963, 2964, 2980, 2981, 3027, 3041, 3055, 3056, 3144, 3151, 3311, 3408, 3409

role: 190
permissions: 238, 447, 577, 578, 579, 580, 581, 582, 583, 584, 585, 586, 587, 588, 589, 590, 591, 592, 593, 594, 595, 596, 597
users: 49, 233, 235, 240, 263, 270, 289, 290, 291, 307, 391, 401, 404, 405, 509, 510, 696, 700, 704, 705, 706, 707, 708, 709, 710, 711, 712, 713, 714, 715, 716, 717, 718, 719, 720, 721, 722, 723, 724, 725, 726, 727, 728, 729, 730, 731, 732, 733, 734, 735, 736, 737, 738, 739, 740, 741, 742, 743, 744, 745, 746, 747, 748, 749, 750, 751, 752, 753, 754, 755, 756, 757, 758, 759, 760, 761, 762, 780, 781, 802, 825, 844, 845, 847, 901, 905, 916, 943, 944, 953, 954, 955, 1048, 1060, 1224, 1225, 1226, 1227, 1228, 1229, 1271, 1363, 2804, 2805, 2876, 3003, 3020, 3041, 3054, 3062, 3085, 3086, 3089, 3139, 3144, 3148, 3188, 3203, 3298, 3331, 3339, 3341

role: 191
permissions: 1177
users: 263, 274, 289, 290, 291, 307, 330, 331, 332, 333, 335, 338, 391, 401, 444, 509, 510, 567, 577, 610, 618, 619, 634, 665, 696, 700, 704, 780, 781, 802, 825, 832, 833, 842, 872, 873, 901, 905, 906, 932, 933, 934, 935, 943, 944, 953, 966, 974, 975, 1005, 1063, 1064, 1065, 1197, 1224, 1225, 1226, 1227, 1228, 1229, 1419, 1420, 1421, 1422, 1667, 1668, 1690, 1695, 1954, 1955, 2148, 2756, 2757, 2804, 2805, 2876, 2914, 2952, 2963, 2964, 2980, 2981, 3003, 3027, 3041, 3055, 3056, 3083, 3144, 3151, 3152, 3188, 3311, 3408, 3409

role: 192
permissions: 394, 395, 396, 397, 398, 399, 400, 401, 402, 403, 404, 405, 406, 407, 408, 409, 410, 411, 412, 413, 414, 415, 416, 417, 431, 434, 435, 436, 438, 439, 445, 447
users: 46, 56, 57, 263, 289, 290, 307, 330, 331, 332, 333, 335, 338, 391, 401, 444, 510, 567, 577, 610, 618, 619, 665, 696, 704, 774, 780, 793, 802, 825, 832, 833, 842, 872, 873, 901, 906, 909, 910, 911, 912, 913, 932, 933, 934, 935, 944, 966, 974, 975, 1005, 1063, 1064, 1065, 1096, 1099, 1141, 1142, 1143, 1144, 1145, 1146, 1174, 1197, 1228, 1240, 1269, 1270, 1332, 1382, 1419, 1420, 1421, 1422, 1443, 1467, 1468, 1478, 1479, 1657, 1667, 1695, 2148, 2756, 2757, 2804, 2805, 2876, 2914, 2963, 2964, 2980, 2981, 3027, 3041, 3055, 3056, 3139, 3148, 3152, 3203, 3311, 3339, 3408, 3409

role: 193
permissions: 375, 376, 377, 378, 379, 380, 381, 382, 383, 384, 385, 386, 387, 388, 389, 390, 391, 392, 393, 394, 395, 396, 397, 398, 399, 400, 401, 402, 403, 404, 405, 406, 407, 408, 409, 410, 411, 412, 413, 414, 415, 416, 417, 431, 434, 435, 436, 445, 447, 452, 453, 454, 455, 456, 457, 458, 459, 460, 461, 462
users: 46, 56, 57, 263, 330, 331, 332, 333, 335, 338, 444, 567, 577, 610, 618, 619, 665, 774, 793, 832, 833, 842, 872, 873, 906, 932, 933, 934, 935, 966, 974, 975, 1005, 1063, 1064, 1065, 1096, 1099, 1141, 1142, 1143, 1144, 1145, 1146, 1174, 1197, 1240, 1269, 1270, 1332, 1382, 1419, 1420, 1421, 1422, 1468, 1657, 1667, 1695, 2148, 2756, 2757, 2804, 2805, 2876, 2914, 2963, 2964, 2980, 2981, 3027, 3041, 3055, 3056, 3144, 3151, 3152, 3188, 3311, 3408, 3409

role: 194
permissions: 375, 376, 377, 378, 379, 380, 381, 382, 383, 384, 385, 386, 387, 388
users: 46, 56, 57, 263, 330, 331, 332, 333, 335, 338, 444, 567, 577, 610, 618, 619, 665, 774, 793, 832, 833, 842, 872, 873, 906, 932, 933, 934, 935, 966, 974, 975, 1005, 1063, 1064, 1065, 1096, 1099, 1141, 1142, 1143, 1144, 1145, 1146, 1174, 1197, 1240, 1269, 1270, 1332, 1382, 1419, 1420, 1421, 1422, 1468, 1657, 1667, 1695, 1832, 2148, 2756, 2757, 2804, 2805, 2876, 2914, 2963, 2964, 2980, 2981, 3027, 3041, 3055, 3056, 3144, 3151, 3152, 3188, 3311, 3408, 3409

role: 195
permissions: 389, 390, 391, 392, 393, 394, 395, 396, 397, 398, 399, 400, 401, 402, 403, 404, 405, 406, 407, 408, 409, 410, 411, 412, 413, 414, 415, 416, 417, 431, 434, 435, 436, 445, 447, 463, 464, 465
users: 46, 56, 57, 263, 330, 331, 332, 333, 335, 338, 444, 567, 577, 610, 618, 619, 665, 774, 793, 832, 833, 842, 872, 873, 906, 910, 911, 912, 913, 932, 933, 934, 935, 966, 974, 975, 1005, 1063, 1064, 1065, 1096, 1099, 1141, 1142, 1143, 1144, 1145, 1146, 1174, 1197, 1240, 1269, 1270, 1332, 1382, 1419, 1420, 1421, 1422, 1443, 1467, 1468, 1478, 1479, 1657, 1667, 1695, 2148, 2756, 2757, 2804, 2805, 2876, 2914, 2963, 2964, 2980, 2981, 3027, 3041, 3055, 3056, 3144, 3151, 3152, 3188, 3311, 3408, 3409

role: 196
permissions: 389, 390, 391, 392, 394, 395, 396, 397, 398, 399, 400, 401, 402, 403, 404, 405, 406, 407, 408, 409, 410, 411, 412, 413, 414, 415, 416, 417, 431, 434, 435, 436, 445, 447
users: 263, 909, 1467, 1478, 1479, 1695, 2804, 2805, 2876, 2963, 2964, 3041, 3055, 3056, 3144, 3151, 3152, 3188

role: 197
permissions: 452, 453, 454
users: 263, 1467, 1695, 1696, 1698, 1699, 1700, 1701, 1702, 1703, 1704, 1705, 1706, 1707, 1708, 1709, 1710, 2804, 2805, 2876, 2963, 2964, 3041, 3055, 3056, 3144, 3151, 3152, 3188

role: 198
permissions: 477, 478, 479, 480
users: 263, 1467, 1478, 1479, 1695, 1696, 1698, 1699, 1700, 1701, 1702, 1703, 1704, 1705, 1706, 1707, 1708, 1709, 1710, 2804, 2805, 2876, 2963, 2964, 3041, 3055, 3056, 3144, 3151, 3152, 3188

role: 199
permissions: 452, 453
users: 348

role: 200
permissions: 478, 479, 480
users: 348

role: 201
permissions: 1099, 1104, 1105, 1106, 1107, 1108, 1109, 1110, 1111, 1112, 1113, 1114, 1115, 1116, 1117, 1118, 1119, 1120, 1121, 1122, 1123, 1124, 1125, 1126, 1127
users: 129, 130, 131, 132, 348, 383, 384, 385, 386, 387, 388, 389, 413, 478, 550, 551, 552, 553, 659, 678, 690, 848, 859, 902, 903, 904, 930, 936, 1045, 1046, 1047, 1345, 1346, 1347, 1397, 1398, 1399, 1400, 1515, 1516, 1517, 1518, 1674, 1675, 1676, 1677, 1678, 1683, 1789, 1790, 1791, 1792, 1794, 1795, 1796, 1797, 1837, 1838, 1839, 1840, 1847, 1848, 1852, 1906, 1907, 1908, 1950, 2068, 2131, 2209, 2210, 2211, 2212, 2213, 2214, 2215, 2216, 2785, 2864, 2865, 2866, 2894, 2897, 3030, 3162, 3184, 3294, 3406

role: 202
permissions: 1104, 1105, 1106, 1107, 1108, 1109, 1110, 1111, 1112, 1113, 1114, 1115, 1116, 1117, 1118, 1119, 1120, 1121, 1122, 1123, 1124, 1125, 1126, 1127
users: 220, 678, 1683

role: 203
permissions: 38, 51, 60, 77, 78, 79, 81, 82, 83, 84, 85, 86, 87, 88, 89, 90, 91, 92, 93, 94, 95, 96
users: 9, 17, 45, 109, 128, 134, 135, 136, 137, 138, 139, 140, 142, 143, 144, 145, 146, 147, 148, 149, 150, 151, 152, 153, 155, 156, 157, 158, 159, 160, 161, 162, 163, 164, 165, 166, 167, 168, 169, 170, 171, 172, 173, 174, 175, 176, 177, 178, 179, 180, 181, 182, 183, 184, 185, 186, 187, 188, 189, 190, 191, 192, 193, 194, 195, 196, 197, 198, 199, 200, 201, 202, 203, 204, 205, 206, 207, 208, 209, 210, 211, 212, 213, 214, 215, 216, 218, 219, 221, 222, 223, 224, 225, 226, 227, 228, 229, 230, 231, 237, 238, 239, 241, 242, 243, 245, 246, 247, 248, 249, 250, 251, 252, 253, 254, 255, 258, 259, 260, 261, 262, 264, 265, 266, 267, 268, 269, 271, 272, 273, 276, 277, 278, 279, 280, 281, 282, 283, 284, 285, 286, 287, 288, 292, 293, 294, 295, 296, 297, 298, 299, 300, 301, 302, 303, 304, 305, 306, 309, 310, 311, 312, 314, 315, 316, 318, 319, 320, 322, 323, 324, 325, 326, 327, 328, 329, 339, 340, 341, 342, 343, 344, 345, 346, 347, 349, 350, 351, 355, 356, 357, 358, 359, 363, 364, 365, 368, 370, 371, 372, 373, 374, 375, 376, 377, 390, 394, 395, 396, 398, 399, 402, 403, 407, 408, 409, 410, 411, 412, 414, 415, 416, 417, 418, 419, 420, 421, 422, 423, 424, 425, 426, 427, 428, 429, 430, 431, 432, 433, 434, 435, 436, 437, 438, 439, 440, 441, 442, 443, 445, 446, 447, 448, 449, 450, 451, 452, 453, 454, 455, 456, 457, 458, 460, 461, 462, 463, 464, 465, 466, 467, 468, 469, 470, 471, 472, 473, 474, 475, 476, 479, 480, 481, 482, 483, 484, 486, 488, 489, 490, 491, 492, 493, 494, 495, 496, 497, 498, 499, 501, 502, 503, 504, 505, 506, 507, 511, 512, 513, 514, 515, 516, 517, 518, 519, 522, 523, 524, 525, 526, 527, 528, 529, 530, 531, 532, 533, 534, 535, 537, 538, 539, 540, 541, 542, 543, 544, 545, 546, 547, 548, 549, 554, 555, 556, 557, 558, 559, 560, 561, 562, 564, 565, 566, 568, 569, 570, 571, 572, 573, 574, 575, 576, 578, 579, 580, 581, 582, 583, 584, 585, 586, 587, 588, 589, 590, 591, 592, 593, 594, 595, 596, 597, 598, 599, 600, 601, 602, 603, 604, 605, 609, 611, 612, 613, 614, 615, 616, 617, 622, 623, 624, 625, 626, 627, 628, 629, 630, 631, 632, 633, 635, 636, 642, 643, 644, 645, 646, 647, 648, 649, 650, 651, 652, 653, 654, 655, 656, 657, 658, 660, 661, 663, 664, 666, 667, 668, 670, 671, 672, 673, 674, 675, 676, 677, 679, 680, 681, 682, 683, 684, 685, 686, 687, 688, 689, 691, 692, 693, 694, 695, 699, 701, 702, 703, 766, 767, 768, 769, 770, 772, 773, 777, 778, 779, 782, 783, 784, 785, 786, 787, 788, 789, 790, 791, 792, 794, 795, 796, 797, 798, 799, 800, 801, 803, 804, 805, 806, 807, 808, 809, 810, 811, 812, 813, 814, 815, 816, 817, 818, 819, 820, 821, 822, 823, 824, 826, 827, 828, 829, 830, 831, 834, 835, 836, 837, 838, 839, 840, 841, 843, 850, 851, 852, 853, 854, 855, 856, 857, 860, 861, 862, 863, 864, 865, 866, 867, 868, 869, 870, 871, 874, 875, 876, 877, 878, 879, 880, 881, 882, 883, 884, 885, 886, 888, 889, 890, 893, 894, 895, 897, 898, 899, 900, 907, 914, 915, 917, 918, 919, 920, 921, 922, 923, 924, 925, 926, 927, 928, 929, 931, 937, 938, 939, 940, 941, 942, 945, 946, 947, 948, 949, 950, 951, 952, 956, 957, 958, 959, 960, 967, 968, 969, 970, 971, 972, 973, 979, 980, 981, 982, 983, 984, 985, 986, 987, 989, 990, 991, 992, 993, 994, 995, 996, 997, 998, 999, 1000, 1001, 1002, 1003, 1004, 1006, 1007, 1008, 1009, 1010, 1011, 1013, 1014, 1015, 1016, 1017, 1018, 1019, 1020, 1021, 1022, 1023, 1024, 1025, 1026, 1027, 1028, 1029, 1030, 1031, 1032, 1033, 1034, 1035, 1036, 1037, 1038, 1039, 1040, 1041, 1042, 1043, 1044, 1049, 1050, 1051, 1052, 1053, 1054, 1055, 1056, 1057, 1058, 1059, 1061, 1062, 1067, 1068, 1069, 1070, 1071, 1072, 1073, 1074, 1075, 1076, 1077, 1078, 1080, 1081, 1082, 1083, 1084, 1085, 1086, 1087, 1088, 1091, 1092, 1093, 1094, 1095, 1097, 1098, 1100, 1101, 1103, 1104, 1105, 1106, 1107, 1108, 1109, 1112, 1113, 1114, 1116, 1117, 1118, 1119, 1120, 1124, 1125, 1126, 1127, 1128, 1130, 1131, 1132, 1133, 1134, 1135, 1136, 1139, 1140, 1147, 1148, 1149, 1150, 1151, 1152, 1153, 1154, 1155, 1156, 1157, 1158, 1159, 1160, 1161, 1162, 1163, 1164, 1165, 1166, 1169, 1170, 1171, 1172, 1173, 1176, 1178, 1179, 1180, 1181, 1182, 1183, 1184, 1185, 1186, 1187, 1188, 1190, 1191, 1192, 1193, 1194, 1195, 1196, 1198, 1199, 1200, 1201, 1202, 1203, 1204, 1205, 1206, 1207, 1208, 1211, 1212, 1213, 1214, 1215, 1216, 1217, 1218, 1219, 1220, 1230, 1231, 1233, 1234, 1235, 1236, 1237, 1238, 1239, 1241, 1242, 1243, 1244, 1245, 1246, 1247, 1248, 1249, 1250, 1251, 1252, 1253, 1254, 1255, 1256, 1257, 1258, 1259, 1260, 1261, 1262, 1263, 1264, 1265, 1266, 1267, 1268, 1272, 1273, 1274, 1275, 1276, 1277, 1278, 1279, 1280, 1281, 1282, 1283, 1284, 1285, 1286, 1287, 1288, 1289, 1290, 1291, 1292, 1293, 1294, 1295, 1296, 1297, 1298, 1299, 1300, 1301, 1302, 1303, 1304, 1305, 1306, 1307, 1308, 1309, 1310, 1311, 1312, 1313, 1314, 1315, 1316, 1317, 1318, 1319, 1320, 1323, 1324, 1325, 1326, 1327, 1328, 1329, 1330, 1331, 1333, 1334, 1335, 1336, 1337, 1338, 1339, 1340, 1341, 1342, 1343, 1344, 1348, 1349, 1350, 1351, 1352, 1353, 1354, 1355, 1356, 1357, 1358, 1359, 1360, 1361, 1362, 1364, 1365, 1366, 1367, 1368, 1369, 1370, 1371, 1372, 1373, 1374, 1375, 1376, 1377, 1378, 1379, 1383, 1384, 1385, 1386, 1387, 1388, 1389, 1390, 1391, 1392, 1393, 1394, 1395, 1396, 1401, 1402, 1403, 1404, 1405, 1406, 1407, 1408, 1409, 1410, 1411, 1412, 1413, 1414, 1415, 1416, 1417, 1423, 1425, 1426, 1427, 1428, 1429, 1430, 1431, 1432, 1433, 1434, 1435, 1436, 1437, 1438, 1439, 1440, 1441, 1442, 1458, 1459, 1460, 1461, 1462, 1463, 1464, 1465, 1466, 1469, 1470, 1471, 1472, 1473, 1474, 1475, 1476, 1477, 1480, 1481, 1482, 1483, 1484, 1485, 1487, 1488, 1489, 1490, 1491, 1492, 1493, 1494, 1502, 1503, 1504, 1505, 1506, 1507, 1508, 1509, 1510, 1512, 1513, 1514, 1522, 1523, 1524, 1525, 1526, 1527, 1528, 1529, 1530, 1531, 1532, 1533, 1534, 1535, 1536, 1537, 1538, 1539, 1540, 1541, 1542, 1543, 1544, 1545, 1546, 1547, 1548, 1549, 1550, 1551, 1552, 1553, 1554, 1555, 1556, 1557, 1558, 1559, 1560, 1561, 1562, 1563, 1564, 1565, 1566, 1567, 1568, 1569, 1570, 1571, 1572, 1573, 1574, 1575, 1576, 1577, 1579, 1580, 1581, 1582, 1583, 1584, 1585, 1586, 1587, 1588, 1589, 1590, 1591, 1592, 1593, 1594, 1595, 1596, 1597, 1598, 1599, 1600, 1601, 1602, 1603, 1604, 1605, 1606, 1607, 1608, 1609, 1610, 1611, 1612, 1613, 1614, 1615, 1616, 1617, 1618, 1619, 1620, 1621, 1622, 1623, 1624, 1625, 1626, 1627, 1628, 1629, 1630, 1631, 1632, 1633, 1634, 1635, 1636, 1637, 1638, 1639, 1640, 1641, 1642, 1643, 1644, 1645, 1646, 1647, 1648, 1649, 1650, 1651, 1652, 1653, 1654, 1655, 1656, 1658, 1659, 1660, 1661, 1662, 1663, 1664, 1669, 1670, 1671, 1672, 1673, 1679, 1680, 1681, 1682, 1684, 1685, 1686, 1687, 1688, 1689, 1691, 1692, 1693, 1694, 1697, 1711, 1712, 1716, 1717, 1718, 1719, 1720, 1721, 1722, 1723, 1724, 1725, 1726, 1727, 1728, 1729, 1730, 1731, 1732, 1733, 1734, 1735, 1736, 1737, 1738, 1739, 1740, 1741, 1742, 1743, 1744, 1745, 1746, 1747, 1748, 1749, 1750, 1751, 1752, 1753, 1754, 1756, 1757, 1758, 1759, 1760, 1761, 1762, 1763, 1764, 1765, 1767, 1768, 1769, 1770, 1771, 1772, 1773, 1776, 1777, 1778, 1779, 1780, 1781, 1782, 1783, 1784, 1785, 1786, 1787, 1788, 1793, 1798, 1799, 1800, 1801, 1802, 1803, 1804, 1805, 1806, 1807, 1808, 1809, 1810, 1811, 1812, 1813, 1814, 1815, 1816, 1817, 1818, 1819, 1820, 1821, 1822, 1823, 1824, 1825, 1826, 1827, 1828, 1829, 1830, 1831, 1841, 1842, 1843, 1844, 1845, 1846, 1849, 1850, 1851, 1853, 1859, 1860, 1861, 1862, 1863, 1864, 1865, 1866, 1867, 1868, 1869, 1870, 1871, 1872, 1873, 1874, 1875, 1876, 1877, 1878, 1888, 1892, 1901, 1902, 1903, 1904, 1905, 1909, 1910, 1911, 1912, 1913, 1914, 1915, 1916, 1917, 1931, 1932, 1933, 1934, 1935, 1937, 1938, 1939, 1940, 1941, 1942, 1943, 1944, 1945, 1946, 1947, 1948, 1949, 1951, 1952, 1953, 1956, 1957, 1958, 1959, 1960, 1961, 1962, 1963, 1964, 1965, 1966, 1967, 1968, 1969, 1970, 1971, 1972, 1973, 1974, 1975, 1976, 1977, 1978, 1979, 1980, 1981, 1982, 1983, 1984, 1985, 1986, 1987, 1988, 1989, 1990, 1991, 1992, 1993, 1994, 1995, 1997, 1998, 1999, 2014, 2025, 2026, 2027, 2028, 2029, 2030, 2031, 2032, 2033, 2034, 2035, 2036, 2037, 2038, 2039, 2040, 2041, 2042, 2043, 2044, 2045, 2046, 2047, 2048, 2049, 2050, 2051, 2052, 2053, 2054, 2055, 2056, 2057, 2058, 2059, 2060, 2061, 2062, 2063, 2064, 2065, 2066, 2067, 2069, 2070, 2071, 2072, 2073, 2074, 2075, 2076, 2077, 2078, 2079, 2080, 2081, 2082, 2083, 2084, 2085, 2086, 2087, 2088, 2089, 2090, 2091, 2092, 2093, 2094, 2095, 2096, 2097, 2098, 2099, 2100, 2101, 2102, 2103, 2104, 2105, 2106, 2107, 2108, 2109, 2110, 2111, 2112, 2113, 2114, 2115, 2116, 2117, 2118, 2119, 2120, 2121, 2122, 2123, 2124, 2125, 2126, 2127, 2128, 2129, 2130, 2132, 2133, 2134, 2135, 2136, 2137, 2138, 2139, 2140, 2141, 2142, 2143, 2144, 2145, 2146, 2147, 2149, 2150, 2151, 2152, 2153, 2154, 2155, 2156, 2157, 2158, 2159, 2160, 2161, 2165, 2166, 2167, 2168, 2169, 2170, 2171, 2172, 2173, 2174, 2175, 2176, 2179, 2180, 2181, 2182, 2183, 2184, 2185, 2186, 2187, 2188, 2189, 2190, 2191, 2192, 2193, 2194, 2195, 2196, 2201, 2202, 2203, 2204, 2205, 2206, 2207, 2208, 2217, 2218, 2219, 2220, 2221, 2222, 2223, 2224, 2225, 2226, 2227, 2228, 2229, 2230, 2231, 2232, 2233, 2234, 2235, 2236, 2237, 2238, 2239, 2240, 2241, 2242, 2243, 2244, 2245, 2246, 2247, 2248, 2249, 2250, 2251, 2252, 2253, 2254, 2255, 2256, 2257, 2258, 2259, 2260, 2261, 2262, 2263, 2264, 2265, 2266, 2267, 2268, 2269, 2270, 2271, 2272, 2273, 2274, 2275, 2276, 2277, 2278, 2279, 2280, 2281, 2282, 2283, 2284, 2285, 2286, 2287, 2288, 2289, 2290, 2291, 2292, 2293, 2294, 2295, 2296, 2297, 2298, 2299, 2300, 2301, 2302, 2303, 2304, 2305, 2306, 2307, 2308, 2309, 2310, 2311, 2312, 2313, 2314, 2315, 2316, 2317, 2318, 2319, 2320, 2321, 2322, 2323, 2324, 2325, 2326, 2327, 2328, 2329, 2330, 2331, 2332, 2333, 2334, 2335, 2336, 2337, 2338, 2339, 2340, 2341, 2342, 2343, 2344, 2345, 2346, 2347, 2348, 2349, 2350, 2351, 2352, 2353, 2354, 2355, 2356, 2357, 2358, 2359, 2360, 2361, 2362, 2363, 2364, 2365, 2366, 2367, 2368, 2369, 2370, 2371, 2372, 2373, 2374, 2375, 2376, 2377, 2378, 2379, 2380, 2381, 2382, 2383, 2384, 2385, 2386, 2387, 2388, 2389, 2390, 2391, 2392, 2393, 2394, 2395, 2396, 2397, 2398, 2399, 2400, 2401, 2402, 2403, 2404, 2405, 2406, 2407, 2408, 2409, 2410, 2411, 2412, 2413, 2414, 2415, 2416, 2417, 2418, 2419, 2420, 2421, 2422, 2423, 2424, 2425, 2426, 2427, 2428, 2429, 2430, 2431, 2432, 2433, 2434, 2435, 2436, 2437, 2438, 2439, 2440, 2441, 2442, 2443, 2444, 2445, 2446, 2447, 2448, 2449, 2450, 2451, 2452, 2453, 2454, 2455, 2456, 2457, 2458, 2459, 2460, 2461, 2462, 2463, 2464, 2465, 2466, 2467, 2468, 2469, 2470, 2471, 2472, 2473, 2474, 2475, 2476, 2477, 2478, 2479, 2480, 2481, 2482, 2483, 2484, 2485, 2486, 2487, 2488, 2489, 2490, 2491, 2492, 2493, 2494, 2495, 2496, 2497, 2498, 2499, 2500, 2501, 2502, 2503, 2504, 2505, 2506, 2507, 2508, 2509, 2510, 2511, 2512, 2513, 2514, 2515, 2516, 2517, 2518, 2519, 2520, 2521, 2522, 2523, 2524, 2525, 2526, 2527, 2528, 2529, 2530, 2531, 2532, 2533, 2534, 2535, 2536, 2537, 2538, 2539, 2540, 2541, 2542, 2543, 2544, 2545, 2546, 2547, 2548, 2549, 2550, 2551, 2552, 2553, 2554, 2555, 2556, 2557, 2558, 2559, 2560, 2561, 2562, 2563, 2564, 2565, 2566, 2567, 2568, 2569, 2570, 2571, 2572, 2573, 2574, 2575, 2576, 2577, 2578, 2579, 2580, 2581, 2582, 2583, 2584, 2585, 2586, 2587, 2588, 2589, 2590, 2591, 2592, 2593, 2594, 2595, 2596, 2597, 2598, 2599, 2600, 2601, 2602, 2603, 2604, 2605, 2606, 2607, 2608, 2609, 2610, 2611, 2612, 2613, 2614, 2615, 2616, 2617, 2618, 2619, 2620, 2621, 2622, 2623, 2624, 2625, 2626, 2627, 2628, 2629, 2630, 2631, 2632, 2633, 2634, 2635, 2636, 2637, 2638, 2639, 2640, 2641, 2642, 2643, 2644, 2645, 2646, 2647, 2648, 2649, 2650, 2651, 2652, 2653, 2654, 2655, 2656, 2657, 2658, 2659, 2660, 2661, 2662, 2663, 2664, 2665, 2666, 2667, 2668, 2669, 2670, 2671, 2672, 2673, 2674, 2675, 2676, 2677, 2678, 2679, 2680, 2681, 2682, 2683, 2684, 2685, 2686, 2687, 2688, 2689, 2690, 2691, 2692, 2693, 2694, 2695, 2696, 2697, 2698, 2699, 2700, 2701, 2702, 2703, 2704, 2705, 2706, 2707, 2708, 2709, 2710, 2711, 2712, 2713, 2714, 2715, 2716, 2717, 2718, 2719, 2720, 2721, 2722, 2723, 2724, 2725, 2726, 2727, 2728, 2729, 2730, 2731, 2732, 2733, 2734, 2735, 2736, 2737, 2738, 2739, 2740, 2741, 2742, 2743, 2744, 2745, 2746, 2747, 2748, 2750, 2751, 2752, 2753, 2754, 2755, 2758, 2759, 2761, 2762, 2763, 2766, 2768, 2769, 2770, 2771, 2772, 2773, 2774, 2775, 2777, 2778, 2779, 2780, 2781, 2782, 2783, 2784, 2786, 2787, 2788, 2789, 2790, 2791, 2792, 2793, 2794, 2795, 2796, 2797, 2798, 2799, 2801, 2802, 2803, 2806, 2807, 2808, 2809, 2810, 2811, 2812, 2813, 2814, 2815, 2816, 2817, 2818, 2819, 2820, 2821, 2822, 2823, 2824, 2825, 2826, 2827, 2828, 2829, 2830, 2831, 2832, 2833, 2834, 2835, 2836, 2837, 2838, 2839, 2840, 2841, 2842, 2843, 2844, 2846, 2847, 2848, 2849, 2850, 2851, 2852, 2853, 2854, 2855, 2856, 2858, 2859, 2860, 2861, 2862, 2863, 2867, 2868, 2869, 2870, 2871, 2872, 2873, 2874, 2875, 2877, 2878, 2879, 2880, 2881, 2882, 2883, 2884, 2885, 2886, 2887, 2888, 2889, 2890, 2891, 2892, 2893, 2895, 2896, 2899, 2900, 2901, 2902, 2903, 2904, 2905, 2906, 2907, 2908, 2909, 2910, 2911, 2912, 2913, 2915, 2916, 2917, 2918, 2919, 2920, 2921, 2922, 2924, 2925, 2926, 2927, 2928, 2929, 2930, 2931, 2932, 2933, 2935, 2936, 2937, 2939, 2940, 2942, 2945, 2947, 2948, 2949, 2950, 2951, 2953, 2954, 2955, 2956, 2957, 2958, 2959, 2960, 2965, 2966, 2967, 2968, 2969, 2970, 2971, 2972, 2973, 2974, 2975, 2976, 2977, 2978, 2979, 2982, 2983, 2984, 2986, 2987, 2988, 2989, 2990, 2991, 2992, 2993, 2995, 2996, 2997, 2998, 2999, 3000, 3001, 3002, 3004, 3005, 3006, 3007, 3008, 3009, 3010, 3011, 3012, 3013, 3014, 3015, 3016, 3017, 3018, 3019, 3021, 3022, 3023, 3024, 3025, 3026, 3028, 3029, 3031, 3032, 3033, 3034, 3035, 3036, 3037, 3038, 3039, 3040, 3042, 3043, 3044, 3045, 3046, 3047, 3048, 3049, 3050, 3052, 3053, 3060, 3064, 3068, 3069, 3074, 3076, 3078, 3080, 3081, 3082, 3084, 3090, 3091, 3092, 3093, 3094, 3095, 3096, 3097, 3098, 3099, 3100, 3101, 3102, 3103, 3104, 3105, 3106, 3110, 3112, 3114, 3115, 3116, 3117, 3118, 3119, 3120, 3122, 3123, 3124, 3125, 3126, 3127, 3128, 3129, 3130, 3131, 3132, 3133, 3134, 3135, 3136, 3137, 3138, 3141, 3142, 3145, 3146, 3147, 3150, 3153, 3154, 3155, 3156, 3157, 3158, 3159, 3160, 3161, 3163, 3164, 3165, 3166, 3167, 3168, 3169, 3170, 3171, 3172, 3173, 3174, 3175, 3176, 3177, 3178, 3179, 3180, 3181, 3182, 3183, 3185, 3186, 3187, 3189, 3190, 3191, 3192, 3193, 3194, 3195, 3196, 3197, 3198, 3199, 3200, 3201, 3202, 3204, 3205, 3207, 3208, 3209, 3210, 3211, 3212, 3213, 3214, 3215, 3216, 3217, 3218, 3219, 3220, 3221, 3222, 3223, 3224, 3225, 3226, 3227, 3228, 3229, 3230, 3231, 3232, 3233, 3234, 3235, 3236, 3237, 3238, 3239, 3240, 3241, 3242, 3243, 3244, 3245, 3246, 3247, 3248, 3249, 3250, 3251, 3252, 3253, 3254, 3255, 3256, 3257, 3258, 3259, 3260, 3261, 3262, 3263, 3264, 3265, 3266, 3267, 3268, 3269, 3270, 3271, 3272, 3273, 3274, 3275, 3276, 3277, 3278, 3279, 3280, 3281, 3282, 3283, 3284, 3285, 3286, 3287, 3288, 3289, 3290, 3291, 3292, 3293, 3295, 3296, 3297, 3299, 3300, 3301, 3302, 3303, 3304, 3305, 3306, 3307, 3308, 3309, 3310, 3312, 3313, 3314, 3316, 3317, 3318, 3319, 3320, 3321, 3322, 3323, 3324, 3325, 3326, 3327, 3328, 3329, 3330, 3332, 3333, 3334, 3336, 3337, 3338, 3340, 3342, 3343, 3344, 3345, 3351, 3352, 3353, 3354, 3355, 3356, 3357, 3358, 3359, 3360, 3361, 3362, 3363, 3364, 3365, 3366, 3367, 3368, 3369, 3370, 3371, 3372, 3373, 3374, 3375, 3376, 3377, 3378, 3379, 3381, 3382, 3383, 3384, 3385, 3386, 3387, 3388, 3389, 3390, 3391, 3392, 3393, 3395, 3396, 3397, 3398, 3399, 3400, 3401, 3402, 3403, 3404, 3405, 3407, 3410, 3411, 3412, 3413, 3414, 3415, 3416, 3417, 3418, 3419, 3420, 3421, 3422, 3423, 3424, 3425, 3426, 3427, 3428, 3429, 3430, 3431, 3432, 3433, 3434, 3435, 3436, 3437, 3438, 3439, 3440, 3441, 3442, 3443, 3444, 3445, 3446, 3447, 3448, 3449, 3450, 3451, 3452, 3453, 3454, 3455, 3456, 3457, 3458, 3459, 3460, 3461, 3462, 3463, 3464, 3465, 3466, 3467, 3468, 3469, 3470, 3471, 3472, 3473, 3474, 3475, 3476, 3477

role: 204
permissions: 93
users: 678, 1683

