role: 1
permissions: 7
users: 1, 5, 6, 10, 11, 12, 13, 14, 15, 16, 31, 32, 33, 34, 35, 36

role: 2
permissions: 27
users: 5, 6, 10, 11, 12, 13, 14, 15, 16

role: 3
permissions: 33
users: 51, 54, 55, 56, 57, 58, 59, 60, 61, 62

role: 4
permissions: 66
users: 87, 88, 89, 90, 91, 92, 93, 94, 95, 96

role: 5
permissions: 64
users: 87, 88, 89, 90, 91, 92, 93, 94

role: 6
permissions: 69
users: 98, 99, 100, 101, 102, 103, 104, 105, 106, 107, 108, 109, 110, 111, 112, 113, 114, 115, 116, 117, 118, 119, 120, 121, 122, 123, 124, 125, 126, 127, 128, 129, 130, 131, 132, 133, 134, 135, 136, 137, 138, 139, 140, 141, 142

role: 7
permissions: 102
users: 99, 100, 101, 102

role: 8
permissions: 116
users: 146, 147, 148, 149, 151, 152, 153, 154, 155, 156, 157

role: 9
permissions: 117
users: 158, 159, 160, 161, 162, 163, 164, 165, 166, 167, 168, 169, 170, 171, 172, 173, 174

role: 10
permissions: 129
users: 187, 188

role: 11
permissions: 141
users: 194, 195, 196, 197, 199, 200, 201, 202

role: 12
permissions: 147
users: 205, 206, 207

role: 13
permissions: 151
users: 211, 212, 213, 214, 216, 217, 218, 219

role: 14
permissions: 157
users: 222, 223, 224

role: 15
permissions: 189
users: 229, 230

role: 16
permissions: 193
users: 242, 243, 244, 245, 246, 247

role: 17
permissions: 192
users: 231, 232, 233, 234, 236, 237, 238, 239, 240, 241, 248, 249, 250, 251, 252, 253, 254, 255, 256, 257, 258, 259, 260, 261, 262, 263, 264, 265, 266, 267, 268, 269, 270, 271, 272, 273, 274, 275, 276, 277, 278

role: 18
permissions: 191
users: 231, 232, 233, 234, 236, 237, 238, 239, 240, 241

role: 19
permissions: 197
users: 279, 285, 286, 287, 288, 289, 290

role: 20
permissions: 203
users: 280, 281, 282, 284, 285, 286, 287, 288, 291, 292, 293, 294, 295, 296, 297, 298, 299, 300, 301, 304, 305, 306

role: 21
permissions: 204
users: 280, 281, 285, 286, 287, 288, 291, 292, 293, 294, 295, 296, 297, 298, 299, 300, 301, 302, 303, 305, 307, 308, 309, 310, 311, 312, 313, 314, 315, 322

role: 22
permissions: 201
users: 280, 282, 283, 284, 285, 286, 287, 288, 291, 292, 293, 294, 295, 296, 297, 298, 299, 300, 302, 304, 305, 323, 324, 325, 326, 333, 334, 335, 336, 337, 338, 339, 340, 341, 342, 343

role: 23
permissions: 205
users: 281, 282, 283, 284, 285, 286, 287, 288, 291, 292, 293, 294, 295, 296, 297, 298, 299, 300, 301, 302, 303, 304

role: 24
permissions: 202
users: 280, 281, 283, 284, 285, 286, 287, 288, 291, 292, 293, 294, 295, 296, 297, 298, 299, 300, 301, 303, 304, 305

role: 25
permissions: 231
users: 346, 347, 348, 349, 351, 352, 353, 354, 355, 356, 357, 358

role: 26
permissions: 229
users: 344, 346, 347, 348, 349, 350

role: 27
permissions: 235
users: 361, 362, 363, 364, 366, 367, 368, 369, 370, 371, 372, 373

role: 28
permissions: 234
users: 359, 361, 362, 363, 364, 365

role: 29
permissions: 279
users: 439

role: 30
permissions: 280
users: 440, 441

role: 31
permissions: 286
users: 455, 456

role: 32
permissions: 287
users: 456

role: 33
permissions: 291
users: 461, 462, 463, 464, 465, 466, 467, 468

role: 34
permissions: 299
users: 473, 474, 475, 476, 478, 479, 480, 481, 482, 483, 484, 485, 486, 487, 488, 489, 490, 491, 492, 493

role: 35
permissions: 304
users: 496, 497, 498, 499, 501, 502, 503, 504, 505, 506, 507, 508, 509, 510, 511

role: 36
permissions: 302
users: 494, 496, 497, 498, 499, 500

role: 37
permissions: 309
users: 515, 516, 517, 518, 520, 521, 522, 523, 524, 525, 526

role: 38
permissions: 336
users: 534, 535, 536, 537, 539, 540, 541, 542, 543, 544, 545, 547, 548, 549, 550, 551, 552, 553, 554, 555, 556, 557, 558, 559, 560, 561

role: 39
permissions: 337
users: 546

role: 40
permissions: 369
users: 588, 589, 590, 591, 592, 593, 594, 595

role: 41
permissions: 370
users: 596

role: 42
permissions: 375
users: 601, 602, 603, 604, 606, 607, 608, 609, 610, 611, 612

role: 43
permissions: 378
users: 613, 614, 615, 616, 617, 618, 619, 620, 621, 622, 623, 624, 625, 626, 627

role: 44
permissions: 433
users: 663, 664, 665, 666, 671, 672, 673, 674, 675, 676, 677

role: 45
permissions: 439
users: 681, 682, 683, 684, 686, 687, 688, 689, 690, 691, 692

role: 46
permissions: 448
users: 694, 695, 696, 697, 698, 699, 700, 701, 707, 708, 709

role: 47
permissions: 449
users: 702, 703, 704, 705, 706

role: 48
permissions: 122
users: 178, 460, 713, 991

role: 49
permissions: 288
users: 460, 991

role: 50
permissions: 454
users: 722

role: 51
permissions: 455
users: 723

role: 52
permissions: 461
users: 727, 728, 729, 730, 732, 733, 734, 735, 736, 737, 738, 739, 740, 741, 742, 743, 744, 745, 746, 747

role: 53
permissions: 466
users: 751, 752, 753, 754, 756, 757, 758, 759, 760, 761, 762

role: 54
permissions: 497
users: 768, 769

role: 55
permissions: 523
users: 784, 785, 786, 787, 788, 789, 791, 792

role: 56
permissions: 573
users: 802, 803, 804, 805, 806, 807, 808, 809, 810, 811, 812, 813, 814, 815, 816, 817, 818, 819, 820, 821, 822, 823

role: 57
permissions: 586
users: 802, 803, 804, 805, 806, 807, 808, 809, 810, 811, 812, 813, 814, 815, 816, 817, 819, 820, 821, 822, 823, 874, 875

role: 58
permissions: 578
users: 827, 828, 829, 830, 831, 832, 833, 834, 835, 836, 837, 838, 839, 840, 841, 842, 843, 844, 845, 846, 849, 879

role: 59
permissions: 575
users: 826, 850, 851, 852, 853, 854, 855, 856, 857, 858, 859, 860, 861, 862

role: 60
permissions: 581
users: 863, 864, 865, 866, 867, 868, 869

role: 61
permissions: 574
users: 826, 849, 879, 880, 881, 882, 883, 886, 887, 888, 889, 890, 891, 892, 893, 894, 895, 896, 897, 898, 899, 900, 901, 902, 903, 904, 905, 906, 907

role: 62
permissions: 616
users: 912, 913, 914, 915, 918, 919, 920, 921, 922, 923, 924, 925, 926, 927, 928, 929, 930, 931, 932, 933, 934, 935, 936, 937, 938, 939, 940, 941, 942, 943, 944, 945, 946, 947, 948, 949, 950

role: 63
permissions: 619
users: 951, 952, 953, 954, 955, 956, 957, 958, 959, 960, 961, 962, 963

role: 64
permissions: 620
users: 965, 966, 967, 968, 969, 970, 971, 972, 973, 974, 975

role: 65
permissions: 621
users: 977, 978, 979, 980, 981, 982, 983, 984, 985, 986, 987

role: 66
permissions: 624
users: 992, 993, 994, 995, 996, 997, 998, 999

role: 67
permissions: 640
users: 1003, 1004, 1005, 1006, 1007, 1008, 1009, 1010

role: 68
permissions: 648
users: 1016, 1017, 1018, 1019, 1020, 1021, 1022, 1023, 1024, 1025, 1026, 1027, 1028

role: 69
permissions: 654
users: 1033, 1034, 1035, 1036, 1038, 1039, 1040, 1041, 1042, 1043, 1044, 1048, 1049, 1050, 1051, 1053, 1054, 1055, 1056, 1057, 1058, 1059

role: 70
permissions: 653
users: 1033, 1034, 1035, 1036, 1038, 1039, 1040, 1041, 1042, 1043, 1044

role: 71
permissions: 671
users: 1087, 1088, 1089, 1090, 1093, 1094, 1095, 1096, 1097, 1098, 1099, 1100, 1101, 1102, 1103, 1104, 1105, 1106

role: 72
permissions: 678
users: 1110, 1111, 1112, 1113, 1115, 1116, 1117, 1118, 1119, 1120, 1121, 1122, 1123, 1124, 1125, 1126, 1127

role: 73
permissions: 679
users: 1120, 1121

role: 74
permissions: 684
users: 1131, 1132, 1133, 1134, 1136, 1137, 1138, 1139, 1140, 1141, 1142

role: 75
permissions: 703
users: 1166, 1167, 1168, 1169, 1171, 1172, 1173, 1174, 1175, 1176, 1177, 1178

role: 76
permissions: 704
users: 1166, 1167, 1168, 1169, 1175, 1176, 1177, 1178, 1179, 1180, 1181, 1182

role: 77
permissions: 707
users: 1183, 1184, 1185, 1186, 1187, 1188, 1189, 1190, 1191, 1192, 1193, 1194, 1195

role: 78
permissions: 736
users: 1222, 1223, 1224, 1225, 1227, 1228, 1229, 1230, 1231, 1232, 1233

role: 79
permissions: 739
users: 1234, 1235, 1236, 1237, 1238, 1239, 1240, 1241, 1242, 1243, 1244, 1245, 1246, 1247, 1248, 1249, 1250, 1251, 1252, 1253

role: 80
permissions: 758
users: 1283, 1284, 1285, 1286, 1288, 1289, 1290, 1291, 1292, 1293, 1294

role: 81
permissions: 761
users: 1295, 1296, 1297, 1298, 1299, 1300, 1301, 1302, 1303, 1304, 1305, 1306, 1307, 1308

role: 82
permissions: 764
users: 1309, 1310, 1311, 1312, 1313, 1314, 1315, 1316, 1317, 1318, 1319, 1320, 1321, 1322, 1323

role: 83
permissions: 773
users: 1330, 1331, 1332, 1333, 1335, 1336, 1337, 1338, 1339, 1340, 1341, 1342, 1343, 1344, 1345, 1346, 1347, 1348, 1349

role: 84
permissions: 785
users: 1354

role: 85
permissions: 781
users: 1353, 1355, 1356, 1357, 1358, 1359, 1360, 1361, 1362, 1363, 1364, 1365, 1366, 1367, 1368, 1369

role: 86
permissions: 789
users: 1370, 1371, 1372, 1373, 1374, 1375, 1376, 1377, 1378, 1379, 1380, 1381, 1382, 1383, 1384, 1385

role: 87
permissions: 795
users: 1389, 1390, 1391, 1392, 1394, 1395, 1396, 1397, 1398, 1399, 1400

role: 88
permissions: 800
users: 1404, 1405, 1406, 1407, 1409, 1410, 1411, 1412, 1413, 1414, 1415

role: 89
permissions: 805
users: 1419, 1420, 1421, 1422, 1424, 1425, 1426, 1427, 1428, 1429, 1430, 1431

role: 90
permissions: 821
users: 1435, 1436, 1437, 1438, 1440, 1441, 1442, 1443, 1444, 1445, 1446, 1447, 1448, 1449, 1450, 1451, 1452, 1453, 1454

role: 91
permissions: 822
users: 1445, 1446, 1447, 1448

role: 92
permissions: 823
users: 1447, 1448

role: 93
permissions: 830
users: 1458, 1459, 1460, 1461, 1463, 1464, 1465, 1466, 1467, 1468, 1469, 1470

role: 94
permissions: 831
users: 1471

role: 95
permissions: 862
users: 1475, 1476, 1477, 1478, 1480, 1481, 1482, 1483, 1484, 1485, 1486, 1487, 1488, 1489, 1490, 1491, 1492, 1493, 1494, 1495, 1496, 1497, 1498, 1499, 1500, 1501, 1502, 1503, 1504, 1505, 1506, 1507, 1508, 1509, 1510, 1511, 1512, 1513, 1514

role: 96
permissions: 869
users: 1518, 1519, 1520, 1521, 1523, 1524, 1525, 1526, 1527, 1528, 1529, 1530, 1531, 1532

role: 97
permissions: 889
users: 1553, 1554, 1555, 1556, 1559, 1560, 1561, 1562, 1563, 1564, 1565, 1566, 1567, 1568, 1569

role: 98
permissions: 899
users: 1573, 1574, 1575, 1576, 1578, 1579, 1580, 1581, 1582, 1583, 1584, 1585, 1586, 1587

role: 99
permissions: 910
users: 1591, 1592, 1593, 1594, 1596, 1597, 1598, 1599, 1600, 1601, 1602

role: 100
permissions: 920
users: 1608, 1609, 1610, 1611, 1613, 1614, 1615, 1616, 1617, 1618, 1619, 1620, 1621, 1622

role: 101
permissions: 925
users: 1626, 1627, 1628, 1629, 1631, 1632, 1633, 1634, 1635, 1636, 1637

role: 102
permissions: 962
users: 1659, 1660, 1661, 1662, 1663, 1664, 1665, 1666, 1671

role: 103
permissions: 963
users: 1667, 1668, 1669, 1670

role: 104
permissions: 964
users: 1674

role: 105
permissions: 965
users: 1675, 1676, 1732

role: 106
permissions: 968
users: 1685

role: 107
permissions: 975
users: 1687, 1688, 1689, 1690, 1691, 1692, 1693, 1694, 1695, 1696, 1697, 1698, 1699

role: 108
permissions: 1022
users: 1734

role: 109
permissions: 1023
users: 1735, 1736, 1737, 1738, 1739, 1740, 1741, 1742

role: 110
permissions: 1024
users: 1743, 1744, 1745, 1746, 1747, 1748, 1749, 1750, 1751, 1752, 1753, 1754, 1755, 1756

role: 111
permissions: 1025
users: 1754

role: 112
permissions: 1034
users: 1760

role: 113
permissions: 1041
users: 179, 180, 181, 182, 183, 184, 185, 186, 1766, 1767, 1768

role: 114
permissions: 128
users: 179, 180, 181, 182, 183, 184, 185, 186

role: 115
permissions: 1047
users: 1772, 1773, 1774, 1775, 1778, 1779, 1780, 1781, 1782, 1783, 1784

role: 116
permissions: 1060
users: 1805, 1806, 1807, 1808, 1811, 1812, 1813, 1814, 1815, 1816, 1817

role: 117
permissions: 1066
users: 1821, 1822, 1823, 1824, 1827, 1828, 1829, 1830

role: 118
permissions: 1071
users: 1833, 1834, 1835

role: 119
permissions: 1081
users: 1841, 1842, 1843, 1844, 1847, 1848, 1849, 1850

role: 120
permissions: 1086
users: 1851, 1852, 1853, 1854, 1855

role: 121
permissions: 1087
users: 1856

role: 122
permissions: 786
users: 1353, 1860

role: 123
permissions: 1096
users: 1861, 1862, 1863, 1864, 1866, 1867, 1868, 1869, 1870, 1871, 1872, 1873, 1874, 1875, 1876, 1877, 1878, 1879, 1880, 1881, 1882, 1883

role: 124
permissions: 1119
users: 1887, 1888, 1889, 1890, 1892, 1893, 1894, 1895

role: 125
permissions: 1122
users: 1897, 1898, 1899, 1900, 1901, 1902, 1903, 1904, 1905, 1906, 1907, 1908, 1909, 1910

role: 126
permissions: 1131
users: 1913, 1914, 1915, 1916, 1918, 1919, 1920, 1921, 1922, 1923, 1924, 1925, 1926, 1927, 1928, 1929, 1930, 1931, 1932, 1933, 1934, 1935, 1936, 1937, 1938, 1939, 1940, 1941

role: 127
permissions: 1125
users: 1911, 1913, 1914, 1915, 1916, 1917

role: 128
permissions: 1132
users: 1942, 1947

role: 129
permissions: 1133
users: 1943, 1948

role: 130
permissions: 1140
users: 1949, 1950, 1951, 1952, 1954, 1955, 1956, 1957, 1958, 1959, 1960, 1961, 1962, 1963, 1964

role: 131
permissions: 1146
users: 1968, 1969, 1970, 1971, 1973, 1974, 1975, 1976, 1977, 1978, 1979, 1980

role: 132
permissions: 1151
users: 1984, 1985, 1986, 1987, 1989, 1990, 1991, 1992, 1993, 1994, 1995, 1996

role: 133
permissions: 1159
users: 1997, 1998, 1999, 2000, 2003, 2004, 2005, 2006, 2007, 2008, 2009, 2010, 2011, 2012, 2013, 2014, 2015, 2016, 2017, 2018, 2019, 2020, 2021, 2022, 2023, 2024, 2025, 2026, 2027, 2028, 2029

role: 134
permissions: 1164
users: 2033, 2034, 2035, 2036, 2038, 2039, 2040, 2041, 2042, 2043, 2044

role: 135
permissions: 34, 35, 36, 37
users: 52

role: 136
permissions: 38, 39, 40, 41
users: 63

role: 137
permissions: 1, 2, 3, 4, 9, 10, 11, 12, 13, 14, 15, 16, 17, 67, 68, 70, 71, 72, 73, 74, 75, 76, 77, 78, 79, 80, 81, 82, 83, 84, 85, 86, 87, 88, 89, 90, 91, 92, 93, 94, 95, 96, 97, 98, 99, 100, 101
users: 98

role: 138
permissions: 67, 68
users: 103

role: 139
permissions: 1, 2, 3, 4, 9, 10, 11, 12, 13, 14, 15, 16, 17, 49, 50, 51, 52, 55, 56, 57, 58, 106, 107, 108, 109, 110, 111, 112, 113, 114
users: 145

role: 140
permissions: 1, 2, 3, 4, 9, 10, 11, 12, 13, 14, 15, 16, 17, 49, 50, 51, 52, 53, 54, 55, 56, 57, 58
users: 72

role: 141
permissions: 1, 2, 3, 4, 9, 10, 11, 12, 13, 14, 15, 16, 17, 49, 50, 51, 52, 53, 54, 55, 56
users: 68

role: 142
permissions: 1, 2, 3, 4, 9, 10, 11, 12, 13, 14, 15, 16, 17, 49, 50, 51, 52, 55, 56, 113
users: 849

role: 143
permissions: 1, 2, 3, 4, 9, 10, 11, 12, 118, 119, 120, 121
users: 177

role: 144
permissions: 123, 124, 125
users: 178

role: 145
permissions: 138, 139, 142
users: 198

role: 146
permissions: 148, 149, 152
users: 215

role: 147
permissions: 1, 2, 3, 4, 9, 10, 11, 12, 13, 14, 15, 16, 17, 70, 71, 72, 73, 76, 96, 158, 159, 163, 164, 165, 166, 167, 168, 169, 170, 171, 172, 173, 174, 175, 176, 177, 178, 179, 180, 181, 182, 183, 184, 185, 186, 187, 188
users: 225

role: 148
permissions: 1, 2, 3, 4, 9, 10, 11, 12, 13, 14, 15, 16, 17, 70, 71, 72, 73, 80, 81, 86, 87, 89, 94, 99, 100, 169, 253, 263, 324, 605, 606, 607, 608, 609, 610, 611, 612, 613, 614
users: 911

role: 149
permissions: 1, 2, 4, 9, 10, 11, 12, 159, 270, 989, 990, 991, 992, 993, 994, 995, 996, 997, 998, 999, 1000, 1001, 1002, 1003, 1004, 1005, 1006, 1007, 1008, 1009, 1010, 1011, 1012, 1013, 1014, 1015, 1016
users: 1731

role: 150
permissions: 1, 2, 3, 4, 9, 10, 11, 12, 13, 163
users: 228

role: 151
permissions: 1, 2, 3, 4, 9, 10, 11, 12, 13, 14, 15, 16, 17, 71, 74, 75, 76, 176, 613, 614, 1091, 1092, 1093, 1094
users: 1859

role: 152
permissions: 1, 2, 3, 4, 194, 195, 196
users: 279

role: 153
permissions: 195, 196
users: 289

role: 154
permissions: 276, 277, 278
users: 437

role: 155
permissions: 282, 283, 284
users: 454

role: 156
permissions: 292, 293
users: 469

role: 157
permissions: 1, 2, 3, 4, 9, 10, 11, 12, 13, 14, 15, 16, 17, 81, 86, 87, 89, 99, 100, 207, 208, 297
users: 472

role: 158
permissions: 1, 2, 3, 4, 9, 10, 11, 12, 13, 14, 15, 16, 17, 100, 208, 318, 319, 320, 321, 322, 323, 324, 325, 326, 327, 328, 329, 330, 331, 332
users: 531

role: 159
permissions: 1, 2, 3, 4, 9, 10, 11, 12, 13, 14, 15, 16, 17, 81, 99, 100, 180, 207, 208, 253, 255, 256, 260, 261, 324, 1126, 1127, 1128, 1129, 1130
users: 1912

role: 160
permissions: 1, 2, 3, 4, 9, 10, 11, 12, 13, 14, 15, 16, 17, 341, 347, 348, 349, 350, 351, 352
users: 566

role: 161
permissions: 338, 339, 340, 355, 357, 359
users: 571

role: 162
permissions: 1, 2, 3, 4, 338, 339, 340
users: 562

role: 163
permissions: 1, 2, 3, 4, 9, 10, 11, 12, 360, 361, 362, 363, 364, 365, 366
users: 587

role: 164
permissions: 1, 2, 3, 4, 9, 10, 11, 12, 13, 14, 15, 16, 17, 376, 377, 379, 380
users: 613

role: 165
permissions: 376, 377
users: 618

role: 166
permissions: 1, 2, 3, 4, 9, 10, 11, 12, 440, 441, 442, 443, 444, 445, 446, 447
users: 693

role: 167
permissions: 1, 2, 3, 4, 9, 10, 11, 12, 445, 958, 959, 960, 961
users: 1658

role: 168
permissions: 1, 2, 4, 9, 10, 11, 12, 270, 450
users: 712

role: 169
permissions: 1, 2, 3, 4, 9, 10, 11, 12, 13, 14, 15, 16, 17, 81, 86, 87, 89, 99, 100, 207, 208, 459
users: 726

role: 170
permissions: 1, 2, 3, 4, 9, 10, 11, 12, 16, 17, 393, 394, 467, 468, 469, 470, 471, 472, 473, 474, 475, 476, 477, 478, 479, 480, 481
users: 766

role: 171
permissions: 482, 483, 484, 485, 486, 487, 488, 489, 490, 491, 492, 493, 494, 495, 496, 498, 499, 500
users: 770

role: 172
permissions: 482, 483, 484, 485, 486, 487, 488, 489, 490, 491, 492, 493, 494, 495, 496
users: 767

role: 173
permissions: 524, 525, 526, 527, 528, 532, 543, 544, 545
users: 790

role: 174
permissions: 533, 534, 535
users: 795

role: 175
permissions: 536, 537, 538, 539
users: 796

role: 176
permissions: 540, 541, 542, 543
users: 797

role: 177
permissions: 552, 553, 554, 555, 556, 557, 558, 559, 560, 562, 563, 564, 565, 566, 567, 568, 569, 570
users: 798

role: 178
permissions: 1, 2, 3, 4, 9, 10, 11, 12, 13, 14, 15, 16, 17, 81, 86, 87, 89, 99, 100, 207, 208, 593, 594, 595, 596, 597
users: 879

role: 179
permissions: 625, 626
users: 1000

role: 180
permissions: 1, 2, 3, 4, 9, 10, 11, 12, 627, 628, 629, 630, 631, 632, 633, 634, 635
users: 1001

role: 181
permissions: 636, 637, 638, 639
users: 1002

role: 182
permissions: 1, 2, 3, 4, 9, 10, 11, 12, 13, 14, 15, 81, 86, 87, 89, 393, 394, 675, 676
users: 1109

role: 183
permissions: 1, 2, 3, 4, 9, 10, 11, 12, 13, 14, 15, 272, 274, 675, 809, 810, 811, 812, 813, 814, 815, 816, 817, 818, 819
users: 1434

role: 184
permissions: 1, 2, 3, 4, 13, 14, 15, 16, 17, 697, 698, 699, 700, 701
users: 1165

role: 185
permissions: 1, 2, 3, 4, 9, 10, 11, 12, 13, 14, 15, 16, 17, 697
users: 1164

role: 186
permissions: 1, 2, 3, 4, 9, 10, 11, 12, 13, 14, 15, 16, 17, 96, 183, 737, 738, 740, 741, 742, 743, 744
users: 1234

role: 187
permissions: 737, 738
users: 1239

role: 188
permissions: 1, 2, 3, 4, 9, 10, 11, 12, 13, 14, 15, 16, 17, 71, 72, 74, 75, 77, 78, 80, 82, 96, 303, 745, 746, 747, 750, 751, 752
users: 1256

role: 189
permissions: 1, 2, 3, 4, 9, 10, 11, 12, 13, 14, 15, 16, 17, 71, 72, 74, 75, 77, 78, 80, 82, 96, 303, 745, 746, 747, 748, 749, 750
users: 1254

role: 190
permissions: 1, 2, 3, 4, 9, 10, 11, 12, 13, 14, 15, 16, 17, 779, 780, 782, 783, 784
users: 1353

role: 191
permissions: 779, 780
users: 1359

role: 192
permissions: 1, 2, 3, 4, 9, 10, 11, 12, 13, 14, 15, 16, 17, 827, 828
users: 1457

role: 193
permissions: 1, 2, 3, 4, 9, 10, 11, 12, 13, 14, 15, 16, 17, 19, 21, 835, 836, 837, 838, 839, 840, 841, 842, 843, 844, 845, 846, 847, 848, 849, 850, 851, 852, 853, 854, 855, 856, 857, 858, 859, 860
users: 1474

role: 194
permissions: 1, 2, 3, 4, 9, 10, 11, 12, 13, 14, 15, 718, 866, 867
users: 1517

role: 195
permissions: 1, 2, 3, 4, 9, 10, 11, 12, 13, 14, 15, 16, 17, 882, 883, 884, 885, 886, 887
users: 1552

role: 196
permissions: 878, 881, 890, 891
users: 1559

role: 197
permissions: 1, 2, 3, 4, 9, 10, 11, 12, 13, 14, 15, 16, 17, 895, 896, 897
users: 1572

role: 198
permissions: 1, 2, 3, 4, 9, 10, 11, 12, 13, 14, 15, 16, 17, 903, 904, 905, 906, 907, 908, 953
users: 1590

role: 199
permissions: 911, 912, 913
users: 1603

role: 200
permissions: 911, 914, 915, 954
users: 1604

role: 201
permissions: 969, 970, 971, 972
users: 1686

role: 202
permissions: 1, 2, 3, 4, 9, 10, 11, 12, 998, 1100, 1101, 1102, 1103, 1104, 1105, 1106, 1107, 1108, 1109, 1110, 1111, 1112, 1113, 1114, 1115, 1116, 1117
users: 1886

role: 203
permissions: 1017, 1018, 1019, 1020
users: 1732

role: 204
permissions: 1017, 1018, 1019, 1021
users: 1733

role: 205
permissions: 1026, 1027, 1028, 1030, 1031, 1032
users: 1757

role: 206
permissions: 1026, 1029
users: 1758

role: 207
permissions: 1030, 1031, 1033
users: 1759

role: 208
permissions: 1037, 1039
users: 1765

role: 209
permissions: 1044, 1045
users: 1777

role: 210
permissions: 1050, 1051
users: 1794

role: 211
permissions: 1057, 1058
users: 1810

role: 212
permissions: 1063, 1064
users: 1826

role: 213
permissions: 1078, 1079
users: 1846

role: 214
permissions: 1120, 1121
users: 1896

role: 215
permissions: 1, 2, 3, 4, 9, 10, 11, 12, 13, 14, 15, 18, 19, 1137, 1138
users: 1946

role: 216
permissions: 1152, 1153, 1154, 1155
users: 2001

role: 217
permissions: 1152, 1155, 1156, 1157
users: 2002

role: 218
permissions: 29, 30
users: 10, 11, 12, 13, 17, 18, 19, 20, 21, 22, 23, 24, 25, 26, 27, 28, 29, 30, 31, 32, 33, 34, 37, 38, 39, 40, 41, 42, 43, 44, 45, 46, 47, 48, 49, 50

role: 219
permissions: 28
users: 10, 11, 12, 13, 31, 32, 33, 34

role: 220
permissions: 5, 6
users: 1, 5, 6, 14, 16, 35

role: 221
permissions: 25, 26
users: 5, 6, 14, 16

role: 222
permissions: 16, 17
users: 3, 4, 8, 9, 53, 280, 281, 282, 283, 284, 322, 345, 360, 376, 377, 436, 438, 495, 514, 564, 565, 600, 632, 633, 662, 680, 750, 772, 773, 801, 826, 872, 951, 964, 976, 1016, 1031, 1032, 1047, 1062, 1063, 1086, 1130, 1145, 1146, 1183, 1198, 1199, 1200, 1201, 1221, 1295, 1309, 1326, 1370, 1403, 1418, 1535, 1536, 1607, 1625, 1687, 1700, 1701, 1716, 1717, 1763, 1771, 1787, 1788, 1804, 1840, 1967, 1983, 2032

role: 223
permissions: 31, 32
users: 51, 58

role: 224
permissions: 42, 43
users: 64, 65

role: 225
permissions: 47, 48
users: 69, 70, 71

role: 226
permissions: 60, 65
users: 73, 74, 75, 76, 78, 79, 80, 81, 82, 85, 86

role: 227
permissions: 46, 59
users: 73, 74, 75, 76

role: 228
permissions: 105, 115
users: 146, 147, 148, 149

role: 229
permissions: 130, 131
users: 189, 190

role: 230
permissions: 138, 140
users: 194, 195, 196, 197

role: 231
permissions: 148, 150
users: 211, 212, 213, 214

role: 232
permissions: 162, 190
users: 231, 232, 233, 234

role: 233
permissions: 227, 228
users: 344, 350

role: 234
permissions: 232, 233
users: 359, 365

role: 235
permissions: 268, 269
users: 378, 379, 380, 381, 384, 385, 386, 387, 388, 389, 390, 391, 392, 393, 394, 395, 396, 397, 398, 399, 400, 401, 402, 403, 404, 405, 406, 407, 408, 409, 410, 411, 412, 413, 414, 415, 416, 417, 418, 419, 420, 421, 422, 423, 424, 425, 426, 427, 428, 429, 430, 431, 432, 433, 434, 435

role: 236
permissions: 238, 241
users: 378, 379, 380, 381

role: 237
permissions: 281, 285
users: 442, 443, 444, 445, 446, 447, 448, 449, 450, 451, 452, 453

role: 238
permissions: 289, 290
users: 461, 462, 463, 464

role: 239
permissions: 296, 298
users: 473, 474, 475, 476

role: 240
permissions: 300, 301
users: 494, 500

role: 241
permissions: 307, 308
users: 515, 516, 517, 518

role: 242
permissions: 310, 333
users: 532, 533

role: 243
permissions: 367, 368
users: 588, 589, 590, 591

role: 244
permissions: 373, 374
users: 601, 602, 603, 604

role: 245
permissions: 401, 402
users: 632, 633, 634, 635, 636, 637, 642, 643, 644, 645, 646, 647, 648, 649, 650, 651, 652, 653, 654, 655, 656, 657, 658

role: 246
permissions: 417, 418
users: 647, 648

role: 247
permissions: 437, 438
users: 681, 682, 683, 684

role: 248
permissions: 458, 460
users: 727, 728, 729, 730

role: 249
permissions: 464, 465
users: 751, 752, 753, 754

role: 250
permissions: 514, 549
users: 775, 776, 777, 780, 781, 782, 783

role: 251
permissions: 510, 511, 513, 514
users: 774

role: 252
permissions: 576, 577
users: 827, 828, 829, 830

role: 253
permissions: 579, 580
users: 850, 851, 852, 853

role: 254
permissions: 617, 618
users: 951, 956

role: 255
permissions: 622, 623
users: 992, 993, 994, 995

role: 256
permissions: 644, 645
users: 1014, 1015

role: 257
permissions: 646, 647
users: 1016, 1021

role: 258
permissions: 651, 652
users: 1033, 1034, 1035, 1036

role: 259
permissions: 657, 658
users: 1048, 1049, 1050, 1051

role: 260
permissions: 663, 664
users: 1064, 1065, 1066, 1067, 1069, 1070, 1071, 1072, 1073, 1074, 1075, 1076, 1077, 1078, 1079, 1080, 1081, 1082, 1083

role: 261
permissions: 661, 662
users: 1064, 1065, 1066, 1067

role: 262
permissions: 669, 670
users: 1087, 1088, 1089, 1090

role: 263
permissions: 665, 666
users: 1084, 1086, 1091, 1092

role: 264
permissions: 674, 677
users: 1110, 1111, 1112, 1113

role: 265
permissions: 682, 683
users: 1131, 1132, 1133, 1134

role: 266
permissions: 692, 693
users: 1147, 1148, 1149, 1150, 1152, 1153, 1154, 1155, 1156, 1157, 1158, 1159, 1160, 1161

role: 267
permissions: 705, 706
users: 1183, 1188

role: 268
permissions: 734, 735
users: 1222, 1223, 1224, 1225

role: 269
permissions: 747, 750
users: 1257, 1258, 1259, 1260, 1261, 1262, 1263, 1264, 1265, 1266, 1267, 1268, 1269, 1270, 1271, 1272, 1273, 1274, 1275, 1276, 1277, 1278, 1279

role: 270
permissions: 753
users: 1257, 1258, 1259, 1260

role: 271
permissions: 759, 760
users: 1295, 1300

role: 272
permissions: 762, 763
users: 1309, 1314

role: 273
permissions: 775, 777
users: 1350, 1352

role: 274
permissions: 776, 778
users: 1351, 1352

role: 275
permissions: 787, 788
users: 1370, 1375

role: 276
permissions: 793, 794
users: 1389, 1390, 1391, 1392

role: 277
permissions: 803, 804
users: 1419, 1420, 1421, 1422

role: 278
permissions: 874, 875
users: 1537, 1538, 1539, 1540, 1542, 1543, 1544, 1545, 1546, 1547, 1548

role: 279
permissions: 872, 873
users: 1537, 1538, 1539, 1540

role: 280
permissions: 894, 898
users: 1573, 1574, 1575, 1576

role: 281
permissions: 923, 924
users: 1626, 1627, 1628, 1629

role: 282
permissions: 966, 967
users: 1677, 1678, 1679, 1680, 1681, 1682, 1683, 1684

role: 283
permissions: 973, 974
users: 1687, 1692

role: 284
permissions: 981, 982
users: 1702, 1703, 1704, 1705, 1707, 1708, 1709, 1710, 1711, 1712, 1713, 1714

role: 285
permissions: 976, 977
users: 1700, 1706

role: 286
permissions: 979, 980
users: 1701, 1715

role: 287
permissions: 985, 988
users: 1718, 1719, 1720, 1721, 1723, 1724, 1725, 1726, 1727, 1728, 1729

role: 288
permissions: 1044, 1046
users: 1772, 1773, 1774, 1775

role: 289
permissions: 1053, 1054
users: 1789, 1790, 1791, 1792, 1795, 1796, 1797, 1798, 1799, 1800, 1801

role: 290
permissions: 1050, 1052
users: 1789, 1790, 1791, 1792

role: 291
permissions: 1057, 1059
users: 1805, 1806, 1807, 1808

role: 292
permissions: 1063, 1065
users: 1821, 1822, 1823, 1824

role: 293
permissions: 1078, 1080
users: 1841, 1842, 1843, 1844

role: 294
permissions: 1090, 1095
users: 1861, 1862, 1863, 1864

role: 295
permissions: 1099, 1118
users: 1887, 1888, 1889, 1890

role: 296
permissions: 1123, 1124
users: 1911, 1917

role: 297
permissions: 1136, 1139
users: 1949, 1950, 1951, 1952

role: 298
permissions: 1143, 1145
users: 1968, 1969, 1970, 1971

role: 299
permissions: 1149, 1150
users: 1984, 1985, 1986, 1987

role: 300
permissions: 1162, 1163
users: 2033, 2034, 2035, 2036

role: 301
permissions: 44, 45, 46
users: 66, 77

role: 302
permissions: 61, 62, 63
users: 83, 84

role: 303
permissions: 1, 2, 3, 4, 9, 10, 11, 12, 13, 14, 15, 71, 72, 74, 75, 76, 173, 613, 614
users: 1062, 1063

role: 304
permissions: 1, 2, 3, 4, 9, 10, 11, 12, 13, 14, 15, 71, 72, 81, 86, 87, 89, 96, 99, 100, 178, 179, 180, 181, 182, 183, 184, 187, 207, 208, 242, 243, 244, 245, 246, 247, 248, 249, 250, 251, 252, 253, 254, 255, 256, 257, 258, 259, 260, 261, 262, 263, 264, 265, 266, 267
users: 376, 377

role: 305
permissions: 103, 104, 105
users: 143, 150

role: 306
permissions: 138, 1072, 1073
users: 191, 1836

role: 307
permissions: 143, 144, 145, 146
users: 203, 204

role: 308
permissions: 148, 1074, 1075
users: 208, 1837

role: 309
permissions: 153, 154, 155, 156
users: 220, 221

role: 310
permissions: 160, 161, 162
users: 226, 235

role: 311
permissions: 1, 2, 3, 4, 9, 10, 11, 12, 13, 14, 15, 198, 199, 200, 206
users: 282, 283

role: 312
permissions: 209, 210, 211
users: 316, 327

role: 313
permissions: 212, 213, 214
users: 317, 328

role: 314
permissions: 215, 216, 217
users: 318, 329

role: 315
permissions: 218, 219, 220
users: 319, 330

role: 316
permissions: 221, 222, 223
users: 320, 331

role: 317
permissions: 224, 225, 226
users: 321, 332

role: 318
permissions: 1, 2, 3, 4, 9, 10, 11, 12, 13, 14, 15, 230
users: 345, 360

role: 319
permissions: 236, 237, 238
users: 374, 382

role: 320
permissions: 239, 240, 241
users: 375, 383

role: 321
permissions: 1, 2, 4, 9, 10, 11, 12, 13, 270, 271, 272, 273, 274, 275
users: 436, 438

role: 322
permissions: 294, 295, 296
users: 470, 477

role: 323
permissions: 305, 306, 307
users: 512, 519

role: 324
permissions: 1, 2, 3, 4, 310, 311
users: 527, 528

role: 325
permissions: 1, 2, 3, 4, 311
users: 1029, 1045

role: 326
permissions: 312, 313, 314
users: 527, 532

role: 327
permissions: 315, 316, 317
users: 528, 538

role: 328
permissions: 1, 2, 3, 4, 9, 10, 11, 12, 13, 14, 15, 341, 342, 343, 344, 345, 346, 347
users: 564, 565

role: 329
permissions: 371, 372, 373
users: 597, 605

role: 330
permissions: 1, 2, 3, 4, 9, 10, 11, 12, 13, 14, 15, 393, 394, 395, 396, 397, 398, 399, 400, 403, 404
users: 632, 633

role: 331
permissions: 2, 3, 4, 393, 394
users: 764, 771

role: 332
permissions: 1
users: 1, 2, 3, 4, 5, 6, 7, 8, 9, 51, 66, 67, 97, 143, 144, 175, 176, 191, 192, 193, 208, 209, 210, 226, 227, 280, 281, 284, 316, 317, 318, 319, 320, 321, 322, 344, 359, 374, 375, 457, 458, 459, 470, 471, 494, 495, 512, 513, 514, 529, 530, 563, 585, 586, 597, 598, 599, 628, 629, 630, 631, 659, 660, 661, 662, 678, 679, 680, 710, 711, 724, 725, 748, 749, 750, 763, 764, 765, 799, 800, 801, 824, 825, 826, 847, 848, 870, 871, 872, 876, 877, 878, 908, 909, 910, 951, 964, 976, 988, 989, 990, 1016, 1029, 1030, 1031, 1032, 1045, 1046, 1047, 1060, 1061, 1084, 1085, 1086, 1107, 1108, 1128, 1129, 1130, 1143, 1144, 1145, 1146, 1162, 1163, 1183, 1196, 1197, 1198, 1199, 1200, 1201, 1219, 1220, 1221, 1255, 1280, 1281, 1282, 1295, 1309, 1324, 1325, 1326, 1327, 1370, 1386, 1387, 1388, 1401, 1402, 1403, 1416, 1417, 1418, 1432, 1433, 1455, 1456, 1472, 1473, 1515, 1516, 1533, 1534, 1535, 1536, 1549, 1550, 1551, 1570, 1571, 1588, 1589, 1605, 1606, 1607, 1623, 1624, 1625, 1638, 1640, 1642, 1644, 1646, 1648, 1650, 1652, 1654, 1656, 1672, 1673, 1687, 1700, 1701, 1716, 1717, 1761, 1762, 1763, 1769, 1770, 1771, 1785, 1786, 1787, 1788, 1802, 1803, 1804, 1818, 1819, 1820, 1838, 1839, 1840, 1857, 1858, 1884, 1885, 1911, 1944, 1945, 1965, 1966, 1967, 1981, 1982, 1983, 2030, 2031, 2032

role: 333
permissions: 381, 384, 407, 408, 409, 410, 411, 412, 413, 414, 415, 416
users: 640, 641

role: 334
permissions: 419, 422, 426, 427, 428, 429, 430, 431, 432, 434
users: 669, 670

role: 335
permissions: 435, 436, 437
users: 678, 685

role: 336
permissions: 456, 457, 458
users: 724, 731

role: 337
permissions: 462, 463, 464
users: 748, 755

role: 338
permissions: 501, 502, 503, 504, 505, 506, 507, 508, 509
users: 772, 773

role: 339
permissions: 512, 515, 516, 517, 518, 519, 520, 521, 522, 550, 551, 552, 561, 562
users: 778, 779

role: 340
permissions: 527, 528, 529, 530, 531, 532, 543, 544, 545, 546, 547, 548
users: 793, 794

role: 341
permissions: 582, 583, 584
users: 870, 873

role: 342
permissions: 587, 588, 589
users: 876, 884

role: 343
permissions: 590, 591, 592
users: 877, 885

role: 344
permissions: 599, 600, 601
users: 908, 916

role: 345
permissions: 602, 603, 604
users: 909, 917

role: 346
permissions: 649, 650, 651
users: 1029, 1037

role: 347
permissions: 655, 656, 657
users: 1045, 1052

role: 348
permissions: 659, 660, 661
users: 1060, 1068

role: 349
permissions: 667, 668, 669
users: 1084, 1091

role: 350
permissions: 672, 673, 674
users: 1107, 1114

role: 351
permissions: 680, 681, 682
users: 1128, 1135

role: 352
permissions: 685, 686, 687
users: 1143, 1151

role: 353
permissions: 2, 3, 4, 9, 10, 11, 12, 13, 14, 15, 688, 689, 690
users: 1145, 1146

role: 354
permissions: 694, 695, 696
users: 1162, 1170

role: 355
permissions: 708, 709, 710
users: 1196, 1206

role: 356
permissions: 721, 722, 724, 725, 727, 728, 730, 731
users: 1214, 1217

role: 357
permissions: 721, 724, 727, 730
users: 1212, 1213

role: 358
permissions: 732, 733, 734
users: 1219, 1226

role: 359
permissions: 745, 746, 748, 749
users: 1261, 1262

role: 360
permissions: 754, 755, 756
users: 1280, 1287

role: 361
permissions: 2, 3, 4, 9, 10, 11, 12, 13, 14, 15, 765
users: 1309, 1418

role: 362
permissions: 718
users: 1198, 1200, 1201, 1295, 1309

role: 363
permissions: 766, 767, 768
users: 1324, 1334

role: 364
permissions: 769, 770, 771
users: 1328, 1329

role: 365
permissions: 2, 3, 4, 9, 10, 11, 12, 13, 14, 15, 782, 783, 790
users: 1370, 1607

role: 366
permissions: 791, 792, 793
users: 1386, 1393

role: 367
permissions: 796, 797, 798
users: 1401, 1408

role: 368
permissions: 801, 802, 803
users: 1416, 1423

role: 369
permissions: 806, 807, 808
users: 1432, 1439

role: 370
permissions: 824, 825, 826
users: 1455, 1462

role: 371
permissions: 832, 833, 834
users: 1472, 1479

role: 372
permissions: 863, 864, 865
users: 1515, 1522

role: 373
permissions: 870, 871, 872
users: 1533, 1541

role: 374
permissions: 876, 877, 878
users: 1549, 1557

role: 375
permissions: 879, 880, 881
users: 1550, 1558

role: 376
permissions: 2, 3, 4, 882
users: 1549, 1550

role: 377
permissions: 892, 893, 894
users: 1570, 1577

role: 378
permissions: 900, 901, 902
users: 1588, 1595

role: 379
permissions: 916, 917, 918
users: 1605, 1612

role: 380
permissions: 921, 922, 923
users: 1623, 1630

role: 381
permissions: 926, 927, 928
users: 1638, 1639

role: 382
permissions: 929, 930, 931
users: 1640, 1641

role: 383
permissions: 932, 933, 934
users: 1642, 1643

role: 384
permissions: 935, 936, 937
users: 1644, 1645

role: 385
permissions: 938, 939, 940
users: 1646, 1647

role: 386
permissions: 941, 942, 943
users: 1648, 1649

role: 387
permissions: 944, 945, 946
users: 1650, 1651

role: 388
permissions: 947, 948, 949
users: 1652, 1653

role: 389
permissions: 950, 951, 952
users: 1654, 1655

role: 390
permissions: 955, 956, 957
users: 1656, 1657

role: 391
permissions: 2, 3, 4, 9, 10, 11, 12, 13, 14, 15, 978
users: 1700, 1701

role: 392
permissions: 983, 984, 985
users: 1716, 1722

role: 393
permissions: 986, 987, 988
users: 1717, 1730

role: 394
permissions: 1035, 1036, 1037
users: 1761, 1764

role: 395
permissions: 2, 3, 4, 1038
users: 1761, 1763

role: 396
permissions: 8, 132
users: 191, 208, 1761, 1769, 1785, 1802, 1818, 1838

role: 397
permissions: 2, 3, 4, 9, 10, 11, 12, 132, 133, 134, 135, 136, 137
users: 193, 210

role: 398
permissions: 2, 3, 4, 9, 10, 11, 12, 133, 134, 135, 136, 137
users: 1820, 1840

role: 399
permissions: 1042, 1043, 1044
users: 1769, 1776

role: 400
permissions: 1048, 1049, 1050
users: 1785, 1793

role: 401
permissions: 1055, 1056, 1057
users: 1802, 1809

role: 402
permissions: 1061, 1062, 1063
users: 1818, 1825

role: 403
permissions: 1067, 1068, 1069, 1070
users: 1831, 1832

role: 404
permissions: 1076, 1077, 1078
users: 1838, 1845

role: 405
permissions: 1082, 1083, 1084, 1085
users: 1851, 1852

role: 406
permissions: 1088, 1089, 1090
users: 1857, 1865

role: 407
permissions: 1097, 1098, 1099
users: 1884, 1891

role: 408
permissions: 1134, 1135, 1136
users: 1944, 1953

role: 409
permissions: 1141, 1142, 1143
users: 1965, 1972

role: 410
permissions: 2, 3, 4, 9, 10, 11, 12, 13, 14, 15, 1144
users: 1967, 1983

role: 411
permissions: 1147, 1148, 1149
users: 1981, 1988

role: 412
permissions: 1160, 1161, 1162
users: 2030, 2037

role: 413
permissions: 2, 3, 4
users: 1, 2, 3, 4, 5, 6, 7, 8, 9, 51, 66, 67, 97, 143, 144, 175, 176, 191, 192, 208, 209, 226, 227, 280, 281, 284, 316, 317, 318, 319, 320, 321, 322, 344, 359, 374, 375, 470, 471, 494, 495, 512, 513, 514, 529, 530, 563, 585, 586, 597, 598, 599, 628, 629, 630, 631, 659, 660, 661, 662, 678, 679, 680, 724, 725, 748, 749, 750, 763, 765, 771, 799, 800, 801, 824, 825, 826, 847, 848, 870, 871, 872, 876, 877, 878, 908, 909, 910, 951, 964, 976, 988, 989, 990, 1016, 1030, 1031, 1032, 1046, 1047, 1060, 1061, 1084, 1085, 1086, 1107, 1108, 1128, 1129, 1130, 1143, 1144, 1162, 1163, 1183, 1196, 1197, 1198, 1199, 1200, 1201, 1219, 1220, 1221, 1255, 1280, 1281, 1282, 1295, 1324, 1325, 1326, 1327, 1386, 1387, 1388, 1401, 1402, 1403, 1416, 1417, 1432, 1433, 1455, 1456, 1472, 1473, 1515, 1516, 1533, 1534, 1535, 1536, 1551, 1570, 1571, 1588, 1589, 1605, 1606, 1623, 1624, 1625, 1638, 1640, 1642, 1644, 1646, 1648, 1650, 1652, 1654, 1656, 1672, 1673, 1687, 1716, 1717, 1762, 1763, 1769, 1770, 1771, 1785, 1786, 1787, 1788, 1802, 1803, 1804, 1818, 1819, 1838, 1839, 1857, 1858, 1884, 1885, 1911, 1944, 1945, 1965, 1966, 1981, 1982, 2030, 2031, 2032

role: 414
permissions: 8
users: 1, 5, 6

role: 415
permissions: 2, 4, 270
users: 457, 458, 459, 710, 711

role: 416
permissions: 354, 356, 358
users: 567, 568, 569, 570, 572, 573, 574, 575, 576, 577, 578, 579, 580, 581, 582, 583, 584

role: 417
permissions: 340, 353
users: 567, 568, 569, 570

role: 418
permissions: 421, 424, 425
users: 663, 664, 665, 666

role: 419
permissions: 451, 452, 453
users: 714, 715, 716, 717, 718, 719, 720, 721

role: 420
permissions: 510, 511, 513
users: 775, 776, 777

role: 421
permissions: 589, 592, 598
users: 880, 881, 882, 883

role: 422
permissions: 601, 604, 615
users: 912, 913, 914, 915

role: 423
permissions: 641, 642, 643
users: 1011, 1012, 1013

role: 424
permissions: 687, 691, 928
users: 1147, 1148, 1149, 1150

role: 425
permissions: 696, 702, 931
users: 1166, 1167, 1168, 1169

role: 426
permissions: 720, 726, 729
users: 1202, 1203, 1204, 1205, 1207, 1208, 1209, 1210, 1211, 1215, 1216, 1217, 1218

role: 427
permissions: 723
users: 1202, 1203, 1204, 1205, 1207, 1208, 1209, 1210, 1211, 1215, 1216, 1217

role: 428
permissions: 710, 719
users: 1202, 1203, 1204, 1205

role: 429
permissions: 756, 757, 934
users: 1283, 1284, 1285, 1286

role: 430
permissions: 768, 772, 774
users: 1330, 1331, 1332, 1333

role: 431
permissions: 798, 799, 937
users: 1404, 1405, 1406, 1407

role: 432
permissions: 808, 820, 940
users: 1435, 1436, 1437, 1438

role: 433
permissions: 826, 829, 943
users: 1458, 1459, 1460, 1461

role: 434
permissions: 834, 861, 946
users: 1475, 1476, 1477, 1478

role: 435
permissions: 865, 868, 949
users: 1518, 1519, 1520, 1521

role: 436
permissions: 878, 881, 888
users: 1553, 1554, 1555, 1556

role: 437
permissions: 902, 909, 952
users: 1591, 1592, 1593, 1594

role: 438
permissions: 918, 919, 957
users: 1608, 1609, 1610, 1611

role: 439
permissions: 1152, 1155, 1158
users: 1997, 1998, 1999, 2000

role: 440
permissions: 9, 10, 11, 12, 13, 14, 15, 72, 265, 267, 303
users: 495, 801, 872

role: 441
permissions: 9, 10, 11, 12, 13, 14, 15, 81, 86, 87, 89, 94, 99, 100
users: 801, 826, 1086

role: 442
permissions: 9, 10, 11, 12, 13, 14, 15, 81, 86, 87, 89, 99, 100, 207, 208
users: 284, 872, 1326

role: 443
permissions: 198, 199, 200
users: 280, 281, 284, 322

role: 444
permissions: 9, 10, 11, 12
users: 3, 4, 8, 9, 51, 280, 281, 322, 459, 514, 599, 662, 680, 710, 711, 750, 771, 951, 964, 976, 990, 1016, 1031, 1032, 1047, 1130, 1183, 1198, 1199, 1200, 1201, 1221, 1282, 1295, 1388, 1403, 1535, 1536, 1625, 1672, 1673, 1687, 1716, 1717, 1763, 1771, 1787, 1788, 1804, 2032

role: 445
permissions: 13, 14, 15
users: 3, 4, 8, 9, 280, 281, 322, 514, 599, 662, 680, 750, 951, 964, 976, 1016, 1031, 1032, 1047, 1130, 1183, 1198, 1199, 1200, 1201, 1221, 1282, 1295, 1388, 1403, 1535, 1536, 1625, 1687, 1716, 1717, 1763, 1771, 1787, 1788, 1804, 2032

role: 446
permissions: 387, 390
users: 628, 629, 630, 631, 659, 660, 661, 662

role: 447
permissions: 126, 127, 1037, 1040
users: 179, 180, 181, 182

role: 448
permissions: 314, 317, 334, 335
users: 534, 535, 536, 537

role: 449
permissions: 388, 389, 391, 392
users: 628, 629, 630, 631, 659, 660, 661

role: 450
permissions: 383, 386, 405, 406
users: 634, 635, 636, 637

role: 451
permissions: 571, 572, 584, 585
users: 802, 803, 804, 805

role: 452
permissions: 18, 19, 20, 21, 22, 23, 24
users: 3, 4, 8, 9

role: 453
permissions: 211, 214, 217, 220, 223, 226
users: 323, 324, 325, 326

role: 454
permissions: 381, 382, 383, 384, 385, 386
users: 628, 629, 638, 639

role: 455
permissions: 419, 420, 421, 422, 423, 424
users: 659, 660, 667, 668

role: 456
permissions: 711, 712, 713, 714, 715, 716, 717
users: 1198, 1199, 1200, 1201

