role: 1
permissions: 22
users: 2, 4, 6, 9, 11, 13, 16, 17, 21, 22, 23, 27, 29, 30, 31, 32, 36, 37, 54, 55, 72, 77

role: 2
permissions: 23
users: 5, 65

role: 3
permissions: 20
users: 2, 6, 8, 9, 11, 13, 15, 16, 17, 18, 20, 21, 22, 23, 24, 25, 26, 27, 28, 29, 30, 31, 32, 33, 34, 35, 36, 37, 39, 40, 41, 42, 46, 47, 48, 49, 50, 51, 52, 54, 55, 56, 61, 71, 72, 73, 74, 75, 76, 77, 78, 79

role: 4
permissions: 21
users: 2, 10, 16, 23, 38, 43, 44, 45, 53, 57, 60, 61, 63, 65, 67, 70

role: 5
permissions: 1
users: 1, 3, 7, 10, 12, 14, 16, 19, 23, 31, 44, 45, 53, 57, 58, 61, 65

role: 6
permissions: 2
users: 1, 3, 7, 12, 14, 16, 18, 19, 23, 58, 61, 69

role: 7
permissions: 10
users: 2, 7, 16, 17, 23, 31, 32, 57

role: 8
permissions: 24
users: 10, 18, 23, 31, 65

role: 9
permissions: 90
users: 17, 19, 23, 31, 32

role: 10
permissions: 31
users: 16, 17, 23, 31, 32, 57

role: 11
permissions: 9
users: 2, 16, 23, 43, 59, 60, 62, 63, 64, 65, 66, 67, 68, 69

role: 12
permissions: 3, 4, 5, 6, 7, 8, 11, 12, 13, 14, 15, 16, 17, 18, 19
users: 2

role: 13
permissions: 5, 7, 13, 29, 30, 57, 82, 86, 151, 158, 178, 179, 187, 228, 229, 230, 231
users: 65

role: 14
permissions: 25, 26, 27, 28, 29, 30, 32
users: 16

role: 15
permissions: 4, 6, 8, 12, 13, 14, 15, 17, 25, 26, 27, 28, 29, 30, 33, 34, 35, 36, 37, 38, 39, 40, 41, 42, 43, 44, 45, 46, 47, 48, 49, 50, 51, 52, 53, 54, 55, 56, 57, 58, 59, 60, 61, 62, 63, 64, 65, 66, 67, 68, 69, 70, 71, 72, 73, 74, 75, 76, 77, 78, 79, 80, 81, 82, 83, 84, 85, 86, 87, 88, 89, 91, 92, 93, 94, 95, 96, 97, 98, 99, 100, 101, 102, 103, 104, 105, 106, 107, 108, 109, 110, 111, 112, 113, 114, 115, 116, 117, 118, 119, 120, 121, 123, 124, 125, 126, 127, 128, 129, 130, 131, 132, 133, 134, 135, 136, 137, 138, 139, 140, 141, 142, 143, 144, 145, 146, 147, 148, 149, 150, 151, 152, 153, 154, 155, 156, 157, 158, 159, 160, 161, 162, 163, 164, 165, 166, 167, 168, 169, 170, 171, 172, 173, 174, 175, 176, 177, 178, 179, 180, 181, 182, 183, 184, 185, 186, 187, 188, 189, 190, 191, 192, 193, 194, 195, 196, 197, 198, 199, 200, 201, 202, 203, 204, 205, 206, 207, 208, 209, 210, 211, 212, 213, 214, 215, 216, 217, 218, 219
users: 23

role: 16
permissions: 4, 6, 8, 11, 12, 13, 14, 15, 17, 19, 25, 26, 27, 28, 30, 33, 34, 36, 37, 38, 39, 40, 41, 42, 43, 44, 45, 46, 47, 48, 49, 50, 51, 52, 53, 54, 55, 56, 57, 58, 59, 60, 61, 62, 63, 64, 65, 66, 67, 68, 69, 70, 71, 72, 73, 74, 75, 76, 77, 78, 79, 80, 81, 82, 83, 84, 85, 86, 87, 88, 89, 91, 92, 93, 94, 95, 96, 97, 98, 99, 100, 101, 102, 103, 104, 105, 106, 107, 108, 109, 110, 111, 112, 113, 114, 115, 116, 117, 118, 119, 120, 121, 140, 150, 167, 172, 174, 182, 220, 221, 222, 223
users: 31

role: 17
permissions: 4, 6, 8, 12, 14, 15, 17, 19, 25, 28, 33, 34, 35, 36, 37, 38, 39, 40, 41, 42, 43, 44, 45, 46, 47, 48, 49, 50, 51, 52, 53, 54, 55, 56, 57, 58, 59, 60, 61, 62, 63, 64, 65, 66, 67, 68, 69, 70, 71, 72, 73, 74, 75, 76, 77, 78, 79, 80, 81, 82, 83, 84, 85, 86, 87, 88, 89, 91, 92, 93, 94, 95, 96, 97, 98, 99, 100, 101, 102, 103, 104, 105, 106, 107, 108, 109, 110, 111, 112, 113, 114, 115, 116, 117, 118, 119, 120, 121
users: 17

role: 18
permissions: 4, 6, 8, 12, 14, 15, 17, 25, 28, 33, 34, 35, 36, 37, 38, 39, 40, 41, 42, 43, 44, 45, 46, 47, 48, 49, 50, 51, 52, 53, 54, 55, 56, 57, 58, 59, 60, 61, 62, 63, 64, 65, 66, 67, 68, 69, 70, 71, 72, 73, 74, 75, 76, 77, 78, 79, 80, 81, 82, 83, 84, 85, 87, 88, 89, 91, 92, 93, 94, 95, 96, 97, 98, 99, 100, 101, 102, 103, 104, 105, 106, 107, 108, 109, 110, 111, 112, 113, 114, 115, 116, 117, 118, 119, 120, 121, 189, 224, 225, 226, 227
users: 32

role: 19
permissions: 26, 99, 122, 123
users: 18

role: 20
permissions: 3, 11
users: 43, 59, 60, 62, 63, 64, 66, 67, 68

