role: 1
permissions: 1, 2, 3, 4, 5, 6, 7, 8, 9, 10, 11, 12, 13, 14, 15, 16, 17, 18, 19, 20, 21, 25, 26, 27, 28, 29, 30, 31, 32, 33, 34, 35, 36, 37, 38, 39, 40, 41, 42, 43, 44, 45, 46, 47, 48, 49, 50, 51, 52, 53, 54, 55, 56, 57, 58, 59, 60, 61, 62, 63, 64, 65, 66, 67, 68, 69, 70, 71, 72, 73, 74, 75, 76, 77, 78, 79, 80, 81, 82, 83, 84, 85, 86, 87, 88, 89, 90, 91, 92, 93, 94, 95, 96, 97, 98, 99, 100, 101, 102, 103, 104, 105, 106, 107, 108, 109, 110, 111, 112, 113, 114, 115, 116, 117, 118, 119, 120, 121, 122, 123, 124, 125, 126, 127, 128, 129, 130, 131, 132, 133, 134, 135, 136, 137, 138, 139, 140, 141, 142, 143, 144, 145, 146, 147, 148, 149, 150, 151, 152, 153, 154, 155, 156, 157, 158, 159, 160, 161, 162, 163, 164, 165, 166, 167, 168, 169, 170, 171, 172, 173, 174, 175, 176, 177, 178, 179, 180, 181, 182, 183, 184, 185, 186, 187, 188, 189, 190, 191, 192, 193, 194, 195, 196, 197, 198, 199, 200, 201, 202, 203, 204, 205, 206, 207, 208, 209, 210, 211, 212, 213, 214, 215, 216, 217, 218, 219, 220, 221, 222, 223, 224, 225, 226, 227, 228, 229, 230, 231, 232, 233, 234, 235, 236, 237, 238, 239, 240, 241, 242, 243, 244, 245, 246, 247, 248, 249, 250, 251, 252, 253, 254, 255, 256, 257, 258, 259, 260, 261, 262, 263, 264, 265, 266, 267, 268, 269, 270, 271, 272, 273, 274, 275, 276, 277, 278, 279, 280, 281, 282, 283, 284, 285, 286, 287, 288, 289, 290, 291, 292, 293, 294, 295, 296, 297, 298, 299, 300, 301, 302, 303, 304, 305, 306, 307, 308, 309, 310, 311, 312, 313, 314, 315, 316, 317, 318, 319, 320, 321, 322, 323, 324, 325, 326, 327, 328, 329, 330, 331, 332, 333, 334, 335, 336, 337, 338, 339, 340, 341, 342, 343, 344, 345, 346, 347, 348, 349, 350, 351, 352, 353, 354, 355, 356, 357, 358, 359, 360, 361, 362, 363, 364, 365, 366, 367, 368, 369, 370, 377, 378, 379, 380, 381, 382, 383, 384, 385, 386, 387, 388, 389, 390, 391, 392, 393, 394, 395, 396, 397, 398, 399, 400, 401, 402, 403, 404, 405, 406, 407, 408, 409, 410, 411, 412, 413, 414, 415, 416, 417, 418, 419, 420, 421, 422, 423, 424, 425, 426, 427, 428, 429, 430, 431, 432, 433, 434, 435, 436, 437, 438, 439, 440, 441, 442, 443, 444, 445, 446, 447, 448, 449, 450, 451, 452, 453, 454, 455, 456, 457, 458, 459, 460, 461, 462, 463, 464, 465, 466, 467, 468, 469, 470, 471, 472, 473, 474, 475, 476, 477, 478, 479, 480, 481, 482, 483, 484, 485, 486, 487, 488, 489, 490, 491, 492, 499, 561, 562, 564, 569, 580, 581, 582, 583, 584, 585, 586, 587, 588, 589, 590, 591, 592, 593, 594, 595, 596, 597, 598, 599, 600, 601, 602, 603, 604, 605, 606, 607, 608, 609, 610, 611, 612, 613, 614, 615, 616, 617, 618, 619, 620, 621, 622, 623, 624, 625, 626, 627, 628, 629, 630, 631, 632, 633, 634, 635, 636, 637, 638, 639, 640, 641, 643, 644, 645, 646, 647, 648, 649, 650, 651, 652, 653, 654, 655, 656, 657, 658, 659, 660, 661, 662, 663, 664, 665, 666, 667, 668, 669, 670, 671, 672, 673, 674, 675, 676, 677, 678, 679, 680, 681, 682, 683, 684, 685, 686, 687, 688, 689, 690, 691, 692, 693, 694, 695, 696, 697, 698, 699, 700, 701, 702, 703, 704, 705, 706, 707, 708, 709
users: 358

role: 2
permissions: 45, 133, 135, 139, 140, 447
users: 13

role: 3
permissions: 162, 172
users: 359

role: 4
permissions: 2, 4, 20, 26, 27, 28, 29, 30, 31, 32, 33, 34, 35, 47, 48, 52, 54, 56, 58, 60, 62, 64, 65, 67, 69, 71, 75, 76, 77, 78, 80, 82, 84, 85, 87, 90, 92, 94, 95, 96, 97, 99, 101, 105, 107, 109, 111, 113, 115, 117, 118, 120, 122, 124, 126, 131, 133, 135, 139, 140, 141, 142, 143, 144, 145, 146, 153, 155, 157, 158, 160, 188, 189, 190, 192, 194, 196, 198, 199, 200, 202, 204, 206, 208, 210, 212, 214, 216, 218, 221, 222, 223, 228, 229, 230, 236, 240, 241, 243, 244, 245, 247, 249, 273, 378, 379, 380, 381, 382, 383, 384, 390, 391, 392, 393, 394, 395, 396, 397, 398, 399, 400, 401, 402, 403, 404, 405, 406, 407, 408, 409, 410, 411, 412, 413, 414, 415, 416, 417, 418, 419, 420, 421, 422, 423, 424, 425, 426, 427, 428, 429, 430, 431, 432, 433, 434, 435, 436, 437, 438, 439, 440, 441, 442, 443, 444, 445, 446, 447, 448, 449, 450, 451, 452, 453, 569, 594, 624, 644, 645, 646, 647, 648, 649, 650, 651, 652, 653, 654, 655, 656, 657, 658, 659, 660, 661, 662, 663, 664, 665, 666, 667, 668, 669, 670, 671, 672
users: 4

role: 5
permissions: 330, 331
users: 334

role: 6
permissions: 273, 320, 329, 346, 353, 355, 624
users: 86

role: 7
permissions: 349, 350, 351, 352, 355
users: 19

role: 8
permissions: 20, 52, 54, 56, 58, 60, 62, 64, 65, 67, 69, 71, 75, 76, 77, 78, 80, 82, 84, 85, 87, 90, 92, 94, 95, 96, 97, 99, 101, 105, 107, 109, 111, 113, 115, 117, 118, 120, 122, 124, 126, 131, 133, 135, 139, 140, 141, 142, 143, 144, 145, 146, 192, 194, 196, 198, 199, 200, 204, 206, 208, 210, 212, 214, 216, 218, 371, 576
users: 64, 317

role: 9
permissions: 600
users: 362

role: 10
permissions: 695
users: 14

role: 11
permissions: 2, 4, 20, 47, 48, 52, 54, 56, 58, 60, 62, 64, 65, 67, 69, 71, 73, 75, 76, 77, 78, 80, 82, 84, 85, 87, 90, 92, 93, 94, 95, 96, 97, 98, 99, 101, 103, 105, 107, 109, 111, 113, 115, 117, 118, 120, 122, 124, 126, 127, 129, 131, 133, 135, 137, 139, 140, 141, 142, 143, 144, 145, 146, 151, 153, 155, 157, 158, 160, 167, 178, 182, 192, 194, 196, 198, 199, 200, 201, 202, 204, 206, 208, 210, 212, 214, 216, 218, 220, 221, 222, 223, 224, 226, 236, 240, 241, 243, 244, 245, 247, 249, 273, 278, 569, 624, 626
users: 250, 276

role: 12
permissions: 328, 363, 365, 367, 369, 379
users: 21, 22

role: 13
permissions: 345
users: 36, 73

role: 14
permissions: 347
users: 24, 29

role: 15
permissions: 2, 4, 20, 47, 48, 52, 54, 56, 58, 60, 62, 64, 65, 67, 69, 71, 75, 76, 77, 78, 80, 82, 84, 85, 87, 90, 92, 94, 95, 96, 97, 99, 101, 105, 107, 109, 111, 113, 115, 117, 118, 120, 122, 124, 126, 131, 133, 135, 139, 140, 141, 142, 143, 144, 145, 146, 153, 155, 157, 158, 160, 167, 178, 182, 192, 194, 196, 198, 199, 200, 202, 204, 206, 208, 210, 212, 214, 216, 218, 221, 222, 223, 236, 240, 241, 243, 244, 245, 247, 249, 273, 278, 469, 470, 569, 624, 626
users: 239, 241

role: 16
permissions: 168, 170, 184, 186, 280, 309
users: 15, 16, 17

role: 17
permissions: 273, 320, 329, 332, 353, 355, 624
users: 88, 97, 99

role: 18
permissions: 383, 390, 391, 392, 393, 394, 395, 396, 397, 398, 399, 400, 401, 402, 403, 404, 405, 406, 407, 408, 409, 410, 411, 412, 413, 414, 415, 416, 417, 418, 419, 420, 421, 422, 423, 424, 425, 426, 427, 428, 429, 430, 431, 432, 433, 434, 435, 436, 437, 438, 439, 440, 441, 442, 443, 444, 445, 446, 447, 448, 449, 450, 451, 452, 453, 638, 640
users: 195, 339, 349

role: 19
permissions: 164, 167, 174, 176, 178, 182, 277, 278, 281, 283, 620, 626, 628
users: 57, 67, 133, 288

role: 20
permissions: 273, 322, 323, 391, 392, 624
users: 75, 76, 139, 140

role: 21
permissions: 325, 340
users: 18, 78, 90, 106

role: 22
permissions: 273, 320, 329, 334, 353, 355, 624
users: 82, 88, 92, 94

role: 23
permissions: 363, 365, 367, 369, 379
users: 20, 23

role: 24
permissions: 32, 33, 34, 275
users: 27, 28, 34, 35, 42, 55

role: 25
permissions: 2, 4, 20, 47, 48, 52, 54, 56, 58, 60, 62, 64, 65, 67, 69, 71, 75, 76, 77, 78, 80, 82, 84, 85, 87, 90, 92, 94, 95, 96, 97, 99, 101, 105, 107, 109, 111, 113, 115, 117, 118, 120, 122, 124, 126, 131, 133, 135, 139, 140, 141, 142, 143, 144, 145, 146, 153, 155, 157, 158, 160, 167, 178, 182, 192, 194, 196, 198, 199, 200, 202, 204, 206, 208, 210, 212, 214, 216, 218, 221, 222, 223, 236, 240, 241, 243, 244, 245, 247, 249, 273, 278, 569, 592, 624, 626
users: 216, 218, 221, 223, 226, 227

role: 26
permissions: 167, 178, 182, 277, 278, 281, 301, 626
users: 56, 58, 59, 69, 111, 120, 135, 139

role: 27
permissions: 311, 313, 322
users: 26, 32, 33, 40, 41, 43, 53, 356

role: 28
permissions: 273, 335, 624
users: 80, 84, 96, 97, 98, 99, 259, 260

role: 29
permissions: 630
users: 61, 72, 130, 131, 185, 350, 352, 353

role: 30
permissions: 312
users: 25, 30, 31, 32, 40, 41, 43, 45, 355, 356, 357

role: 31
permissions: 359, 361
users: 37, 38, 39, 46, 47, 48, 49, 50, 51, 52, 54

role: 32
permissions: 2, 4, 20, 47, 48, 52, 54, 56, 58, 60, 62, 64, 65, 67, 69, 71, 75, 76, 77, 78, 80, 82, 84, 85, 87, 90, 92, 94, 95, 96, 97, 99, 101, 105, 107, 109, 111, 113, 115, 117, 118, 120, 122, 124, 126, 131, 133, 135, 139, 140, 141, 142, 143, 144, 145, 146, 153, 155, 157, 158, 160, 192, 194, 196, 198, 199, 200, 202, 204, 206, 208, 210, 212, 214, 216, 218, 221, 222, 223, 236, 240, 241, 243, 244, 245, 247, 249, 273, 569, 602, 624
users: 8, 171, 175, 185, 195, 201, 254, 256, 294, 296, 298

role: 33
permissions: 642
users: 61, 72, 130, 131, 185, 195, 339, 347, 348, 349, 350, 351, 352, 353

role: 34
permissions: 2, 4, 20, 26, 27, 28, 29, 30, 31, 32, 33, 34, 35, 47, 48, 52, 54, 56, 58, 60, 62, 64, 65, 67, 69, 71, 75, 76, 77, 78, 80, 82, 84, 85, 87, 90, 92, 94, 95, 96, 97, 99, 101, 105, 107, 109, 111, 113, 115, 117, 118, 120, 122, 124, 126, 131, 133, 135, 139, 140, 141, 142, 143, 144, 145, 146, 153, 155, 157, 158, 160, 188, 189, 190, 192, 194, 196, 198, 199, 200, 202, 204, 206, 208, 210, 212, 214, 216, 218, 221, 222, 223, 236, 240, 241, 243, 244, 245, 247, 249, 273, 378, 379, 380, 381, 382, 383, 384, 390, 391, 392, 393, 394, 395, 396, 397, 398, 399, 400, 401, 402, 403, 404, 405, 406, 407, 408, 409, 410, 411, 412, 413, 414, 415, 416, 417, 418, 419, 420, 421, 422, 423, 424, 425, 426, 427, 428, 429, 430, 431, 432, 433, 434, 435, 436, 437, 438, 439, 440, 441, 442, 443, 444, 445, 446, 447, 448, 449, 450, 451, 452, 453, 569, 594, 624, 644, 645, 646, 647, 648, 649, 650, 651, 652, 653, 654, 655, 656, 657, 658, 659, 660, 661, 662, 663, 664, 665, 666, 667, 668, 669, 670, 671, 672
users: 4, 130, 131, 185, 219, 229, 242, 246, 250, 251, 258, 263, 264, 265, 274, 292

role: 35
permissions: 2, 4, 20, 26, 27, 28, 29, 30, 31, 32, 33, 34, 35, 47, 48, 52, 54, 56, 58, 60, 62, 64, 65, 67, 69, 71, 75, 76, 77, 78, 80, 82, 84, 85, 87, 90, 92, 94, 95, 96, 97, 99, 101, 105, 107, 109, 111, 113, 115, 117, 118, 120, 122, 124, 126, 131, 133, 135, 139, 140, 141, 142, 143, 144, 145, 146, 153, 155, 157, 158, 160, 192, 194, 196, 198, 199, 200, 202, 204, 206, 208, 210, 212, 214, 216, 218, 221, 222, 223, 236, 240, 241, 243, 244, 245, 247, 249, 273, 378, 379, 380, 381, 382, 383, 384, 390, 391, 392, 393, 394, 395, 396, 397, 398, 399, 400, 401, 402, 403, 404, 405, 406, 407, 408, 409, 410, 411, 412, 413, 414, 415, 416, 417, 418, 419, 420, 421, 422, 423, 424, 425, 426, 427, 428, 429, 430, 431, 432, 433, 434, 435, 436, 437, 438, 439, 440, 441, 442, 443, 444, 445, 446, 447, 448, 449, 450, 452, 569, 624, 644, 645, 646, 647, 648, 649, 650, 651, 652, 653, 654, 655, 656, 657, 658, 659, 660, 661, 662, 663, 664, 665, 666, 667, 668, 669, 670, 671, 672
users: 4, 130, 131, 148, 185, 195, 219, 229, 242, 246, 250, 251, 258, 263, 264, 265, 274, 292

role: 36
permissions: 29, 30
users: 4, 130, 131, 148, 185, 195, 219, 229, 242, 246, 250, 251, 258, 263, 264, 265, 274, 292, 364

role: 37
permissions: 2, 4, 20, 47, 48, 52, 54, 56, 58, 60, 62, 64, 65, 67, 69, 71, 75, 76, 77, 78, 80, 82, 84, 85, 87, 90, 92, 94, 95, 96, 97, 99, 101, 105, 107, 109, 111, 113, 115, 117, 118, 120, 122, 124, 126, 131, 133, 135, 139, 140, 141, 142, 143, 144, 145, 146, 153, 155, 157, 158, 160, 192, 194, 196, 198, 199, 200, 202, 204, 206, 208, 210, 212, 214, 216, 218, 221, 222, 223, 236, 240, 241, 243, 244, 245, 247, 249, 273, 569, 624, 658
users: 4, 130, 131, 148, 169, 185, 195, 219, 229, 242, 246, 250, 251, 258, 263, 264, 265, 274, 292

role: 38
permissions: 20, 52, 54, 56, 58, 60, 62, 64, 65, 67, 69, 71, 75, 76, 77, 78, 80, 82, 84, 85, 87, 90, 92, 94, 95, 96, 97, 99, 101, 105, 107, 109, 111, 113, 115, 117, 118, 120, 122, 124, 126, 131, 133, 135, 139, 140, 141, 142, 143, 144, 145, 146, 192, 194, 196, 198, 199, 200, 204, 206, 208, 210, 212, 214, 216, 218, 671
users: 4, 130, 131, 148, 185, 195, 219, 229, 242, 246, 250, 251, 258, 263, 264, 265, 274, 292, 313

role: 39
permissions: 2, 4, 20, 47, 48, 52, 54, 56, 58, 60, 62, 64, 65, 67, 69, 71, 75, 76, 77, 78, 80, 82, 84, 85, 87, 90, 92, 94, 95, 96, 97, 99, 101, 105, 107, 109, 111, 113, 115, 117, 118, 120, 122, 124, 126, 131, 133, 135, 139, 140, 141, 142, 143, 144, 145, 146, 153, 155, 157, 158, 160, 192, 194, 196, 198, 199, 200, 202, 204, 206, 208, 210, 212, 214, 216, 218, 221, 222, 223, 236, 240, 241, 243, 244, 245, 247, 249, 273, 569, 594, 624
users: 4, 130, 131, 146, 152, 153, 159, 185, 219, 229, 242, 246, 250, 251, 258, 263, 264, 265, 274, 292

role: 40
permissions: 656
users: 1, 4, 130, 131, 148, 185, 195, 219, 229, 242, 246, 250, 251, 258, 263, 264, 265, 274, 292, 361

role: 41
permissions: 2, 4, 20, 47, 48, 52, 54, 56, 58, 60, 62, 64, 65, 67, 69, 71, 75, 76, 77, 78, 80, 82, 84, 85, 87, 90, 92, 94, 95, 96, 97, 99, 101, 105, 107, 109, 111, 113, 115, 117, 118, 120, 122, 124, 126, 131, 133, 135, 139, 140, 141, 142, 143, 144, 145, 146, 153, 155, 157, 158, 160, 192, 194, 196, 198, 199, 200, 202, 204, 206, 208, 210, 212, 214, 216, 218, 221, 222, 223, 236, 240, 241, 243, 244, 245, 247, 249, 273, 569, 624, 666
users: 4, 130, 131, 148, 149, 150, 185, 195, 219, 229, 242, 246, 250, 251, 258, 263, 264, 265, 274, 292

role: 42
permissions: 645
users: 1, 4, 113, 130, 131, 148, 185, 195, 219, 229, 242, 246, 250, 251, 258, 263, 264, 265, 274, 292, 311

role: 43
permissions: 651
users: 4, 122, 130, 131, 148, 185, 195, 219, 229, 242, 246, 250, 251, 258, 263, 264, 265, 274, 292, 319, 360

role: 44
permissions: 390, 391, 392, 393, 394, 395, 396, 397, 398, 399, 400, 401, 402, 403, 404, 405, 406, 407, 408, 409, 410, 411, 412, 413, 414, 415, 416, 417, 418, 419, 420, 421, 422, 423, 424, 425, 426, 427, 428, 429, 430, 431, 432, 433, 434, 435, 436, 437, 438, 439, 440, 441, 442, 443, 444, 445, 446, 447, 448, 449, 450, 451, 452, 453
users: 4, 130, 131, 144, 185, 187, 195, 219, 229, 242, 246, 250, 251, 258, 262, 263, 264, 265, 274, 292, 339, 349

role: 45
permissions: 391, 392, 411
users: 4, 67, 130, 131, 144, 148, 185, 187, 195, 219, 229, 242, 246, 250, 251, 258, 262, 263, 264, 265, 274, 292, 339, 349

role: 46
permissions: 435
users: 4, 124, 130, 131, 144, 148, 185, 187, 195, 219, 229, 242, 246, 250, 251, 258, 262, 263, 264, 265, 274, 292, 339, 349

role: 47
permissions: 28, 273, 624
users: 4, 96, 97, 98, 99, 130, 131, 148, 185, 195, 219, 229, 242, 246, 250, 251, 253, 258, 259, 260, 263, 264, 265, 267, 268, 274, 292

role: 48
permissions: 6, 7, 8, 10, 12, 14, 16, 18, 20, 22, 23, 24, 52, 54, 56, 58, 60, 62, 64, 65, 67, 69, 71, 75, 76, 77, 78, 80, 82, 84, 85, 87, 90, 92, 94, 95, 96, 97, 99, 101, 105, 107, 109, 111, 113, 115, 117, 118, 120, 122, 124, 126, 131, 133, 135, 139, 140, 141, 142, 143, 144, 145, 146, 192, 194, 196, 198, 199, 200, 204, 206, 208, 210, 212, 214, 216, 218, 372, 373, 374, 375, 376, 388, 465, 476, 493, 494, 495, 496, 497, 498, 499, 500, 501, 502, 503, 504, 505, 506, 507, 508, 509, 510, 511, 512, 513, 514, 515, 516, 517, 518, 519, 520, 521, 522, 523, 524, 525, 526, 527, 528, 529, 530, 531, 532, 533, 534, 535, 536, 537, 538, 539, 540, 541, 542, 543, 544, 545, 546, 547, 548, 549, 550, 551, 552, 553, 554, 555, 556, 557, 558, 559, 560, 562, 563, 581, 584, 585, 587, 589, 675, 683, 693
users: 304, 305, 306, 307, 308, 309, 310, 311, 312, 313, 314, 315, 316, 317, 318, 319, 320, 321, 322, 323, 324, 325, 326, 327, 328, 329, 330, 331, 332, 333

role: 49
permissions: 391, 392
users: 4, 67, 69, 75, 76, 130, 131, 139, 140, 144, 148, 185, 187, 195, 219, 229, 242, 246, 250, 251, 258, 262, 263, 264, 265, 274, 292, 339, 349

role: 50
permissions: 518, 525, 546, 548, 557
users: 311, 319, 354

role: 51
permissions: 531, 535, 536
users: 311, 319, 365

role: 52
permissions: 133, 135, 139, 140, 550, 552, 554
users: 13, 311, 319

role: 53
permissions: 20, 52, 54, 56, 58, 60, 62, 64, 65, 67, 69, 71, 75, 76, 77, 78, 80, 82, 84, 85, 87, 90, 92, 94, 95, 96, 97, 99, 101, 105, 107, 109, 111, 113, 115, 117, 118, 120, 122, 124, 126, 131, 133, 135, 139, 140, 141, 142, 143, 144, 145, 146, 192, 194, 196, 198, 199, 200, 204, 206, 208, 210, 212, 214, 216, 218, 494, 495
users: 108, 109, 311, 319

role: 54
permissions: 20, 52, 54, 56, 58, 60, 62, 64, 65, 67, 69, 71, 75, 76, 77, 78, 80, 82, 84, 85, 87, 90, 92, 94, 95, 96, 97, 99, 101, 105, 107, 109, 111, 113, 115, 117, 118, 120, 122, 124, 126, 131, 133, 135, 139, 140, 141, 142, 143, 144, 145, 146, 192, 194, 196, 198, 199, 200, 204, 206, 208, 210, 212, 214, 216, 218, 499
users: 113, 311, 319

role: 55
permissions: 506
users: 122, 311, 319, 360

role: 56
permissions: 7
users: 1, 311, 319, 361

role: 57
permissions: 273, 320, 329, 353, 355, 624
users: 74, 75, 76, 77, 78, 79, 80, 81, 82, 83, 84, 85, 86, 87, 88, 89, 90, 91, 92, 93, 94, 95, 96, 97, 98, 99, 100, 101, 102, 103, 104, 105

role: 58
permissions: 531, 542
users: 18, 78, 90, 106, 311, 319

role: 59
permissions: 320, 353
users: 18, 74, 75, 76, 77, 78, 79, 80, 81, 82, 83, 84, 85, 86, 87, 88, 89, 90, 91, 92, 93, 94, 95, 96, 97, 98, 99, 100, 101, 102, 103, 104, 105, 338, 339, 340

role: 60
permissions: 375, 497, 504, 516, 520
users: 26, 32, 33, 40, 41, 43, 53, 311, 319, 356

role: 61
permissions: 373, 514, 559
users: 25, 30, 31, 32, 40, 41, 43, 45, 311, 319, 355, 356, 357

role: 62
permissions: 373, 514
users: 311, 319, 359

role: 63
permissions: 375
users: 44, 67, 69, 75, 76, 311, 319

role: 64
permissions: 538
users: 18, 74, 75, 76, 77, 78, 79, 80, 81, 82, 83, 84, 85, 86, 87, 88, 89, 90, 91, 92, 93, 94, 95, 96, 97, 98, 99, 100, 101, 102, 103, 104, 105, 311, 319, 338, 339, 340

role: 65
permissions: 373
users: 44, 67, 69, 74, 75, 76, 77, 78, 79, 80, 81, 82, 83, 84, 85, 86, 87, 88, 89, 90, 91, 92, 93, 94, 95, 96, 97, 98, 99, 100, 101, 102, 311, 319

role: 66
permissions: 167, 178, 182, 278, 626
users: 10, 11, 12, 67, 69, 107, 108, 109, 110, 111, 112, 113, 114, 115, 116, 117, 118, 119, 120, 121, 122, 123, 124, 125, 126, 127, 128, 129, 130, 131, 132, 133, 134, 135, 136, 137, 138, 139, 140, 141, 142, 143, 144, 145, 146, 147, 148, 149, 150, 151, 152, 153, 154, 155, 156, 157, 158, 159, 160, 161, 162, 163, 164, 165, 166, 167, 168, 169, 170, 171, 172, 173, 174, 175, 176, 177, 178, 179, 180, 181, 182, 183, 184, 185, 186, 187, 188, 189, 190, 191, 192, 193, 194, 195, 196, 197, 198, 199, 200, 201, 202, 203, 204, 205, 206, 207, 208, 209, 210, 211, 212, 213, 214, 215, 216, 217, 218, 219, 220, 221, 222, 223, 224, 225, 226, 227, 228, 229, 230, 231, 232, 233, 234, 235, 236, 237, 238, 239, 240, 241, 242, 243, 244, 245, 246, 247, 248, 249, 250, 251, 252, 253, 254, 255, 256, 257, 258, 259, 260, 261, 262, 263, 264, 265, 266, 267, 268, 269, 270, 271, 272, 273, 274, 275, 276, 277, 278, 279, 280, 281, 282, 283, 284, 285, 286, 288

role: 67
permissions: 2, 4, 20, 47, 48, 52, 54, 56, 58, 60, 62, 64, 65, 67, 69, 71, 75, 76, 77, 78, 80, 82, 84, 85, 87, 90, 92, 94, 95, 96, 97, 99, 101, 105, 107, 109, 111, 113, 115, 117, 118, 120, 122, 124, 126, 131, 133, 135, 139, 140, 141, 142, 143, 144, 145, 146, 153, 155, 157, 158, 160, 192, 194, 196, 198, 199, 200, 202, 204, 206, 208, 210, 212, 214, 216, 218, 221, 222, 223, 236, 240, 241, 243, 244, 245, 247, 249, 569
users: 3, 4, 5, 6, 7, 8, 9, 107, 108, 109, 110, 111, 112, 113, 114, 115, 116, 117, 118, 119, 120, 121, 122, 123, 124, 125, 126, 127, 128, 129, 130, 131, 132, 133, 134, 135, 136, 137, 138, 139, 140, 141, 142, 143, 144, 145, 146, 147, 148, 149, 150, 151, 152, 153, 154, 155, 156, 157, 158, 159, 160, 161, 162, 163, 164, 165, 166, 167, 168, 169, 170, 171, 172, 173, 174, 175, 176, 177, 178, 179, 180, 181, 182, 183, 184, 185, 186, 187, 188, 189, 190, 191, 192, 193, 194, 195, 196, 197, 198, 199, 200, 201, 202, 203, 204, 205, 206, 207, 208, 209, 210, 211, 212, 213, 214, 215, 216, 217, 218, 219, 220, 221, 222, 223, 224, 225, 226, 227, 228, 229, 230, 231, 232, 233, 234, 235, 236, 237, 238, 239, 240, 241, 242, 243, 244, 245, 246, 247, 248, 249, 250, 251, 252, 253, 254, 255, 256, 257, 258, 259, 260, 261, 262, 263, 264, 265, 266, 267, 268, 269, 270, 271, 272, 273, 274, 275, 276, 277, 278, 279, 280, 281, 282, 283, 284, 285, 286, 287, 288, 289, 290, 291, 292, 293, 294, 295, 296, 297, 298, 299, 338, 339, 340

role: 68
permissions: 236, 240, 241, 243, 244, 245, 247, 249
users: 2, 3, 4, 5, 6, 7, 8, 9, 107, 108, 109, 110, 111, 112, 113, 114, 115, 116, 117, 118, 119, 120, 121, 122, 123, 124, 125, 126, 127, 128, 129, 130, 131, 132, 133, 134, 135, 136, 137, 138, 139, 140, 141, 142, 143, 144, 145, 146, 147, 148, 149, 150, 151, 152, 153, 154, 155, 156, 157, 158, 159, 160, 161, 162, 163, 164, 165, 166, 167, 168, 169, 170, 171, 172, 173, 174, 175, 176, 177, 178, 179, 180, 181, 182, 183, 184, 185, 186, 187, 188, 189, 190, 191, 192, 193, 194, 195, 196, 197, 198, 199, 200, 201, 202, 203, 204, 205, 206, 207, 208, 209, 210, 211, 212, 213, 214, 215, 216, 217, 218, 219, 220, 221, 222, 223, 224, 225, 226, 227, 228, 229, 230, 231, 232, 233, 234, 235, 236, 237, 238, 239, 240, 241, 242, 243, 244, 245, 246, 247, 248, 249, 250, 251, 252, 253, 254, 255, 256, 257, 258, 259, 260, 261, 262, 263, 264, 265, 266, 267, 268, 269, 270, 271, 272, 273, 274, 275, 276, 277, 278, 279, 280, 281, 282, 283, 284, 285, 286, 287, 288, 289, 290, 291, 292, 293, 294, 295, 296, 297, 298, 299, 338, 339, 340, 342

role: 69
permissions: 565, 566, 567, 568, 569, 570, 571, 572, 573, 574, 575, 576, 577, 578, 579
users: 3, 4, 5, 6, 7, 8, 9, 66, 67, 68, 69, 70, 107, 108, 109, 110, 111, 112, 113, 114, 115, 116, 117, 118, 119, 120, 121, 122, 123, 124, 125, 126, 127, 128, 129, 130, 131, 132, 133, 134, 135, 136, 137, 138, 139, 140, 141, 142, 143, 144, 145, 146, 147, 148, 149, 150, 151, 152, 153, 154, 155, 156, 157, 158, 159, 160, 161, 162, 163, 164, 165, 166, 167, 168, 169, 170, 171, 172, 173, 174, 175, 176, 177, 178, 179, 180, 181, 182, 183, 184, 185, 186, 187, 188, 189, 190, 191, 192, 193, 194, 195, 196, 197, 198, 199, 200, 201, 202, 203, 204, 205, 206, 207, 208, 209, 210, 211, 212, 213, 214, 215, 216, 217, 218, 219, 220, 221, 222, 223, 224, 225, 226, 227, 228, 229, 230, 231, 232, 233, 234, 235, 236, 237, 238, 239, 240, 241, 242, 243, 244, 245, 246, 247, 248, 249, 250, 251, 252, 253, 254, 255, 256, 257, 258, 259, 260, 261, 262, 263, 264, 265, 266, 267, 268, 269, 270, 271, 272, 273, 274, 275, 276, 277, 278, 279, 280, 281, 282, 283, 284, 285, 286, 287, 288, 289, 290, 291, 292, 293, 294, 295, 296, 297, 298, 299, 300, 335, 336, 337, 338, 339, 340, 341, 342, 343, 344

role: 70
permissions: 566, 567, 569, 571, 572
users: 3, 5, 6, 7, 9, 66, 67, 68, 69, 70, 107, 108, 109, 110, 111, 112, 113, 114, 115, 116, 117, 118, 119, 120, 121, 122, 123, 124, 125, 126, 127, 128, 129, 132, 133, 134, 135, 136, 137, 138, 141, 142, 143, 144, 145, 147, 151, 154, 155, 156, 157, 158, 160, 161, 162, 163, 164, 165, 166, 167, 168, 170, 172, 173, 174, 176, 177, 178, 179, 180, 181, 182, 183, 184, 186, 187, 188, 189, 190, 191, 192, 193, 194, 196, 197, 198, 199, 200, 202, 203, 204, 205, 206, 207, 208, 209, 210, 211, 212, 213, 214, 215, 217, 220, 222, 224, 225, 228, 230, 231, 232, 233, 234, 235, 236, 237, 238, 240, 243, 244, 245, 247, 248, 249, 252, 255, 257, 261, 262, 266, 269, 270, 271, 272, 273, 275, 277, 278, 279, 280, 281, 282, 283, 284, 285, 286, 287, 288, 289, 290, 291, 293, 295, 297, 299, 363

role: 71
permissions: 578
users: 3, 5, 6, 7, 9, 66, 67, 68, 69, 70, 107, 108, 109, 110, 111, 112, 113, 114, 115, 116, 117, 118, 119, 120, 121, 122, 123, 124, 125, 126, 127, 128, 129, 132, 133, 134, 135, 136, 137, 138, 141, 142, 143, 144, 145, 147, 151, 154, 155, 156, 157, 158, 160, 161, 162, 163, 164, 165, 166, 167, 168, 170, 172, 173, 174, 176, 177, 178, 179, 180, 181, 182, 183, 184, 186, 187, 188, 189, 190, 191, 192, 193, 194, 196, 197, 198, 199, 200, 202, 203, 204, 205, 206, 207, 208, 209, 210, 211, 212, 213, 214, 215, 217, 220, 222, 224, 225, 228, 230, 231, 232, 233, 234, 235, 236, 237, 238, 240, 243, 244, 245, 247, 248, 249, 252, 255, 257, 261, 262, 266, 269, 270, 271, 272, 273, 275, 277, 278, 279, 280, 281, 282, 283, 284, 285, 286, 287, 288, 289, 290, 291, 293, 295, 297, 299, 319, 360

role: 72
permissions: 569
users: 3, 5, 6, 7, 9, 66, 67, 68, 69, 70, 107, 108, 109, 110, 111, 112, 113, 114, 115, 116, 117, 118, 119, 120, 121, 122, 123, 124, 125, 126, 127, 128, 129, 132, 133, 134, 135, 136, 137, 138, 141, 142, 143, 144, 145, 147, 151, 154, 155, 156, 157, 158, 160, 161, 162, 163, 164, 165, 166, 167, 168, 170, 172, 173, 174, 176, 177, 178, 179, 180, 181, 182, 183, 184, 186, 187, 188, 189, 190, 191, 192, 193, 194, 196, 197, 198, 199, 200, 202, 203, 204, 205, 206, 207, 208, 209, 210, 211, 212, 213, 214, 215, 217, 220, 222, 224, 225, 228, 230, 231, 232, 233, 234, 235, 236, 237, 238, 240, 243, 244, 245, 247, 248, 249, 252, 255, 257, 261, 262, 266, 269, 270, 271, 272, 273, 275, 277, 278, 279, 280, 281, 282, 283, 284, 285, 286, 287, 288, 289, 290, 291, 293, 295, 297, 299, 311

role: 73
permissions: 273, 624
users: 3, 5, 6, 7, 9, 10, 11, 12, 107, 108, 109, 110, 111, 112, 113, 114, 115, 116, 117, 118, 119, 120, 121, 122, 123, 124, 125, 126, 127, 128, 129, 132, 133, 134, 135, 136, 137, 138, 141, 142, 143, 144, 145, 147, 151, 154, 155, 156, 157, 158, 160, 161, 162, 163, 164, 165, 166, 167, 168, 170, 172, 173, 174, 176, 177, 178, 179, 180, 181, 182, 183, 184, 186, 187, 188, 189, 190, 191, 192, 193, 194, 196, 197, 198, 199, 200, 202, 203, 204, 205, 206, 207, 208, 209, 210, 211, 212, 213, 214, 215, 217, 220, 222, 224, 225, 228, 230, 231, 232, 233, 234, 235, 236, 237, 238, 240, 243, 244, 245, 247, 248, 249, 252, 255, 257, 261, 262, 266, 269, 270, 271, 272, 273, 275, 277, 278, 279, 280, 281, 282, 283, 284, 285, 286, 287, 288, 289, 290, 291, 293, 295, 297, 299, 346, 347, 348, 349, 350, 351, 352, 353

role: 74
permissions: 20, 52, 54, 56, 58, 60, 62, 64, 65, 67, 69, 71, 75, 76, 77, 78, 80, 82, 84, 85, 87, 90, 92, 94, 95, 96, 97, 99, 101, 105, 107, 109, 111, 113, 115, 117, 118, 120, 122, 124, 126, 131, 133, 135, 139, 140, 141, 142, 143, 144, 145, 146, 192, 194, 196, 198, 199, 200, 204, 206, 208, 210, 212, 214, 216, 218
users: 60, 61, 62, 63, 65, 66, 67, 68, 69, 70, 71, 301, 302, 303, 345

