role: 1
permissions: 1, 2, 3, 4, 5, 6, 7, 8, 9, 10, 11, 12, 13, 14, 15, 16, 17, 18, 19, 20, 21, 22, 23, 24, 25, 26, 27, 28, 29, 30, 31, 32
users: 1, 6, 7, 9, 10, 11, 13, 15, 20, 24, 25, 26, 29, 30, 33, 34, 36, 38, 41, 45 

role: 2
permissions: 6, 7, 8, 9, 10, 11, 12, 13, 14, 15, 16, 17, 18, 19, 20, 22, 23, 24, 25, 26, 27
users: 3, 4, 5, 12, 16, 17, 18, 21, 22, 23, 27, 31, 32, 35, 39, 40, 42, 44, 46 

role: 3
permissions: 37, 38, 39, 40, 41, 42, 43, 44, 45
users: 6, 7, 9, 11, 13, 15, 20, 24, 25, 26, 29, 33, 34, 36, 38, 41, 45 

role: 4
permissions: 28, 29, 30, 31, 32, 33, 34
users: 8 

role: 5
permissions: 6, 7, 8, 9, 10, 11, 12, 13, 14, 15, 16, 17, 18, 19, 20, 21, 22, 23, 24, 25, 26, 27
users: 2, 4, 12, 14, 18, 19, 28, 31, 37, 43 

role: 6
permissions: 2, 29, 37, 39, 41, 43
users: 14, 19, 37 

role: 7
permissions: 2, 29
users: 17, 21, 22, 28, 42 

role: 8
permissions: 39, 40, 41, 43, 45
users: 19, 28 

role: 9
permissions: 46
users: 20, 36, 37 

role: 10
permissions: 1, 3, 5, 28, 30, 32, 44
users: 28 

role: 11
permissions: 3, 30
users: 31 

role: 12
permissions: 35, 36
users: 4, 6, 7, 9, 11, 13, 15, 19, 20, 24, 25, 26, 27, 28, 29, 32, 33, 34, 35, 36, 38, 41, 44, 45 

role: 13
permissions: 39, 43
users: 39 

role: 14
permissions: 33, 34
users: 2, 6, 7, 9, 11, 13, 14, 15, 19, 20, 24, 25, 26, 27, 28, 29, 32, 33, 34, 36, 37, 38, 41, 42, 43, 44, 45 

