role: 1
permissions: 1, 2, 3, 4, 5, 6, 7, 8, 9, 10, 11, 12, 13, 14, 15, 16, 17, 18, 19, 20, 21, 22, 23, 24, 25, 26, 27, 28, 29, 30, 31, 32
users: 1, 6, 7, 9, 10, 11, 13, 15, 20, 24, 25, 26, 29, 30, 33, 34, 36, 38, 41, 45

role: 2
permissions: 6, 7, 8, 9, 10, 11, 12, 13, 14, 15, 16, 17, 18, 19, 20, 21, 22, 23, 24, 25, 26, 27
users: 1, 2, 4, 6, 7, 9, 10, 11, 12, 13, 14, 15, 18, 19, 20, 24, 25, 26, 28, 29, 30, 31, 33, 34, 36, 37, 38, 41, 43, 45

role: 3
permissions: 6, 7, 8, 9, 10, 11, 12, 13, 14, 15, 16, 17, 18, 19, 20, 22, 23, 24, 25, 26, 27
users: 1, 2, 3, 4, 5, 6, 7, 9, 10, 11, 12, 13, 14, 15, 16, 17, 18, 19, 20, 21, 22, 23, 24, 25, 26, 27, 28, 29, 30, 31, 32, 33, 34, 35, 36, 37, 38, 39, 40, 41, 42, 43, 44, 45, 46

role: 4
permissions: 28, 29, 30, 31, 32
users: 1, 6, 7, 8, 9, 10, 11, 13, 15, 20, 24, 25, 26, 29, 30, 33, 34, 36, 38, 41, 45

role: 6
permissions: 2, 6, 7, 8, 9, 10, 11, 12, 13, 14, 15, 16, 17, 18, 19, 20, 22, 23, 24, 25, 26, 27, 29
users: 1, 6, 7, 9, 10, 11, 13, 14, 15, 17, 19, 20, 21, 22, 24, 25, 26, 28, 29, 30, 33, 34, 36, 37, 38, 41, 42, 45

role: 8
permissions: 3, 6, 7, 8, 9, 10, 11, 12, 13, 14, 15, 16, 17, 18, 19, 20, 21, 22, 23, 24, 25, 26, 27, 30
users: 1, 6, 7, 9, 10, 11, 13, 15, 20, 24, 25, 26, 28, 29, 30, 31, 33, 34, 36, 38, 41, 45

role: 10
permissions: 33, 34
users: 2, 6, 7, 8, 9, 11, 13, 14, 15, 19, 20, 24, 25, 26, 27, 28, 29, 32, 33, 34, 36, 37, 38, 41, 42, 43, 44, 45

role: 13
permissions: 6, 7, 8, 9, 10, 11, 12, 13, 14, 15, 16, 17, 18, 19, 20, 22, 23, 24, 25, 26, 27, 35, 36
users: 4, 6, 7, 9, 11, 13, 15, 19, 20, 24, 25, 26, 27, 28, 29, 32, 33, 34, 35, 36, 38, 41, 44, 45

role: 14
permissions: 1, 2, 3, 4, 5, 6, 7, 8, 9, 10, 11, 12, 13, 14, 15, 16, 17, 18, 19, 20, 21, 22, 23, 24, 25, 26, 27, 28, 29, 30, 31, 32, 33, 34, 35, 36, 37, 38, 39, 40, 41, 42, 43, 44, 45
users: 6, 7, 9, 11, 13, 15, 20, 24, 25, 26, 29, 33, 34, 36, 38, 41, 45

role: 16
permissions: 2, 6, 7, 8, 9, 10, 11, 12, 13, 14, 15, 16, 17, 18, 19, 20, 21, 22, 23, 24, 25, 26, 27, 29, 33, 34, 37, 39, 41, 43
users: 6, 7, 9, 11, 13, 14, 15, 19, 20, 24, 25, 26, 29, 33, 34, 36, 37, 38, 41, 45

role: 17
permissions: 2, 6, 7, 8, 9, 10, 11, 12, 13, 14, 15, 16, 17, 18, 19, 20, 21, 22, 23, 24, 25, 26, 27, 29, 33, 34, 35, 36, 37, 39, 40, 41, 43, 45
users: 6, 7, 9, 11, 13, 15, 19, 20, 24, 25, 26, 29, 33, 34, 36, 38, 41, 45

role: 19
permissions: 1, 2, 3, 5, 6, 7, 8, 9, 10, 11, 12, 13, 14, 15, 16, 17, 18, 19, 20, 21, 22, 23, 24, 25, 26, 27, 28, 29, 30, 32, 33, 34, 35, 36, 39, 40, 41, 43, 44, 45
users: 6, 7, 9, 11, 13, 15, 20, 24, 25, 26, 28, 29, 33, 34, 36, 38, 41, 45

role: 20
permissions: 6, 7, 8, 9, 10, 11, 12, 13, 14, 15, 16, 17, 18, 19, 20, 22, 23, 24, 25, 26, 27, 39, 43
users: 6, 7, 9, 11, 13, 14, 15, 19, 20, 24, 25, 26, 28, 29, 33, 34, 36, 37, 38, 39, 41, 45

role: 29
permissions: 2, 6, 7, 8, 9, 10, 11, 12, 13, 14, 15, 16, 17, 18, 19, 20, 21, 22, 23, 24, 25, 26, 27, 29, 33, 34, 37, 39, 41, 43, 46
users: 20, 36, 37

