     1      1
     1      4
     1     23
     2     12
     2     20
     2     23
     3      5
     3     29
     4      1
     4      4
     4      9
     4     11
     4     12
     4     13
     4     14
     5      4
     6      1
     6      4
     6     12
     6     21
     6     26
     6     27
     7      2
     7     12
     8      3
     8      9
     8     20
     8     25
     9      6
     9      7
     9      8
     9      9
     9     10
    10      1
    10      4
    10     20
    11      5
    11      9
    11     27
    11     29
    11     32
    12      2
    12     12
    12     21
    12     22
    12     23
    12     24
    12     25
    13      3
    13      9
    13     20
    13     21
    13     25
    14      4
    14     12
    14     21
    14     26
    14     27
    15      1
    15      2
    15      4
    15     12
    16      3
    16      9
    16     20
    16     25
    17      5
    17     29
    18     16
    18     19
    18     26
    18     28
    19     20
    19     21
    19     22
    19     23
    19     24
    19     25
    20     12
    20     23
    21     20
    21     29
    22     16
    22     19
    22     23
    22     26
    22     28
    23     16
    23     19
    23     26
    23     28
    24      3
    24      9
    24     16
    24     19
    24     20
    24     25
    24     26
    24     28
    25      2
    25     12
    26     13
    26     23
    27      1
    27      2
    27      3
    27      4
    27      5
    28      3
    28      9
    28     15
    28     16
    28     17
    28     18
    28     19
    28     20
    28     25
    29     20
    30     12
    30     20
    30     23
    31     12
    31     13
    31     23
    32      3
    32      9
    32     20
    32     25
    33     12
    33     23
    34      4
    34     12
    34     21
    34     23
    34     26
    34     27
    35      2
    35      4
    35     12
    36     20
    36     29
    37      6
    37      7
    37      8
    37      9
    37     10
    38      4
    38     12
    38     21
    38     26
    38     27
    39      6
    39      7
    39      8
    39      9
    39     10
    40      1
    40      4
    40     20
    40     29
    41      5
    41      6
    41      7
    41      8
    41      9
    41     10
    41     27
    41     29
    41     32
    42      4
    42     20
    43      5
    43      9
    43     27
    43     29
    43     32
    44      5
    44      9
    44     15
    44     16
    44     17
    44     18
    44     19
    44     27
    44     29
    44     32
    45     13
    45     20
    45     29
    46      5
    46      9
    46     27
    46     29
    46     32
    47      1
    47      4
    47      5
    47      9
    47     27
    47     29
    47     32
    48      9
    48     11
    48     12
    48     13
    48     14
    48     23
    49      6
    49      7
    49      8
    49      9
    49     10
    49     23
    50      4
    50     21
    51     21
    51     22
    51     23
    51     24
    51     25
    52      4
    52     12
    52     13
    52     21
    52     26
    52     27
    53     21
    53     22
    53     23
    53     24
    53     25
    54     12
    54     23
    55      1
    55      4
    56      3
    56      9
    56     20
    56     25
    57      5
    57      9
    57     27
    57     29
    57     32
    58      6
    58      7
    58      8
    58      9
    58     10
    58     11
    58     28
    58     30
    58     31
    59      9
    59     11
    59     12
    59     13
    59     14
    59     21
    59     22
    59     23
    59     24
    59     25
    60      5
    60     21
    60     29
    61      4
    61     12
    61     21
    61     26
    61     27
    62      4
    62     12
    62     21
    62     26
    62     27
    63      1
    63      2
    63      3
    63      4
    63      5
    64     23
    65     12
    65     23
    66     21
    66     22
    66     23
    66     24
    66     25
    67      5
    67     29
    68     21
    68     22
    68     23
    68     24
    68     25
    69      4
    70      2
    70      9
    70     11
    70     12
    70     13
    70     14
    71      1
    71      2
    71      3
    71      4
    71      5
    72     15
    72     16
    72     17
    72     18
    72     19
    73      9
    73     11
    73     12
    73     13
    73     14
    73     21
    74     21
    75      3
    75      9
    75     20
    75     25
    75     29
    76     21
    77      4
    77     12
    77     21
    77     22
    77     23
    77     24
    77     25
    77     26
    77     27
    78      5
    78      9
    78     11
    78     12
    78     13
    78     14
    78     29
    79      4
    79      5
    79      9
    79     12
    79     21
    79     26
    79     27
    79     29
    79     32
    80      4
    80     20
    81      1
    81      4
    82      9
    82     11
    82     12
    82     13
    82     14
    82     20
    82     29
    83      1
    83      2
    83      3
    83      4
    83      5
    84      9
    84     11
    84     12
    84     13
    84     14
    85     16
    85     19
    85     26
    85     28
    86      6
    86      7
    86      8
    86      9
    86     10
    87      4
    87     21
    88      3
    88      9
    88     20
    88     25
    89     20
    89     29
    90     16
    90     19
    90     21
    90     26
    90     28
    91      6
    91      7
    91      8
    91      9
    91     10
    91     16
    91     19
    91     26
    91     28
    92      1
    92      4
    93     13
    93     21
    93     22
    93     23
    93     24
    93     25
    94      2
    94      4
    94     12
    95      4
    95     20
    96      2
    96      5
    96     12
    96     29
    97      1
    97      4
    97     12
    97     23
    98     20
    99      4
   100      4
   101     21
   101     22
   101     23
   101     24
   101     25
   102      1
   102      2
   102      3
   102      4
   102      5
   103      4
   103     12
   103     21
   103     26
   103     27
   104      1
   104      4
   105      1
   105      4
   106      4
   106      9
   106     11
   106     12
   106     13
   106     14
   106     21
   106     26
   106     27
   107      4
   107     12
   107     21
   107     22
   107     23
   107     24
   107     25
   107     26
   107     27
   108      2
   108     12
   109      9
   109     11
   109     12
   109     13
   109     14
   109     23
   110      4
   110      5
   110      9
   110     12
   110     21
   110     26
   110     27
   110     29
   110     32
   111      8
   111     11
   111     28
   111     30
   111     31
   112      1
   112      2
   112      3
   112      4
   112      5
   112     16
   112     19
   112     26
   112     28
   113      1
   113      4
   113     21
   114      3
   114      9
   114     20
   114     23
   114     25
   115      5
   115      9
   115     20
   115     27
   115     29
   115     32
   116      4
   117     21
   117     22
   117     23
   117     24
   117     25
   118      4
   118     20
   119     20
   119     21
   120      2
   120     12
   120     13
   121      1
   121      4
   122      6
   122      7
   122      8
   122      9
   122     10
   123      9
   123     11
   123     12
   123     13
   123     14
   124      3
   124      9
   124     20
   124     25
   125      3
   125      9
   125     20
   125     25
   126      1
   126      2
   126      3
   126      4
   126      5
   126     12
   126     23
   127     16
   127     19
   127     23
   127     26
   127     28
   128     21
   129      5
   129      9
   129     12
   129     23
   129     27
   129     29
   129     32
   130     23
   131      1
   131      2
   131      3
   131      4
   131      5
   132      5
   132     29
   133      2
   133     12
   133     23
   134     12
   134     23
   135      1
   135      2
   135      3
   135      4
   135      5
   135     29
   136      4
   136      5
   136     12
   136     21
   136     26
   136     27
   136     29
   137      4
   137      5
   137     29
   138      9
   138     11
   138     12
   138     13
   138     14
   138     21
   138     22
   138     23
   138     24
   138     25
   139      9
   139     11
   139     12
   139     13
   139     14
   140     15
   140     16
   140     17
   140     18
   140     19
   141      1
   141      4
   142     12
   142     23
   143     16
   143     19
   143     26
   143     28
   144      8
   144     11
   144     15
   144     16
   144     17
   144     18
   144     19
   144     28
   144     30
   144     31
   145     12
   145     20
   145     23
   146     20
   146     29
   147      1
   147      4
   148     20
   148     29
   149     12
   149     21
   149     23
   150      1
   150      4
   150      6
   150      7
   150      8
   150      9
   150     10
   151      4
   151     21
   152      6
   152      7
   152      8
   152      9
   152     10
   153      5
   153      9
   153     27
   153     29
   153     32
   154      1
   154      2
   154      3
   154      4
   154      5
   154     21
   155      4
   155     12
   155     21
   155     26
   155     27
   156      4
   156     13
   157     20
   157     21
   158      4
   158      6
   158      7
   158      8
   158      9
   158     10
   158     12
   158     21
   158     26
   158     27
   159      5
   159      9
   159     20
   159     27
   159     29
   159     32
   160      5
   160     29
   161      4
   161     12
   161     16
   161     19
   161     21
   161     26
   161     27
   161     28
   162     13
   162     16
   162     19
   162     26
   162     28
   163      3
   163      9
   163     20
   163     25
   163     29
   164      6
   164      7
   164      8
   164      9
   164     10
   164     20
   164     29
   165      6
   165      7
   165      8
   165      9
   165     10
   166      3
   166      9
   166     20
   166     23
   166     25
   167      8
   167     11
   167     28
   167     30
   167     31
   168     21
   168     22
   168     23
   168     24
   168     25
   169      1
   169      2
   169      3
   169      4
   169      5
   169     12
   169     23
   170      9
   170     11
   170     12
   170     13
   170     14
   171     15
   171     16
   171     17
   171     18
   171     19
   172     15
   172     16
   172     17
   172     18
   172     19
   172     21
   173      5
   173      6
   173      7
   173      8
   173      9
   173     10
   173     27
   173     29
   173     32
   174     13
   175      1
   175      2
   175      3
   175      4
   175      5
   175      8
   175     11
   175     28
   175     30
   175     31
   176      6
   176      7
   176      8
   176      9
   176     10
   176     21
   176     22
   176     23
   176     24
   176     25
   177      2
   177     12
   178     20
   178     29
   179      4
   180     12
   180     20
   180     23
   181      3
   181      9
   181     20
   181     23
   181     25
   182     12
   182     21
   182     22
   182     23
   182     24
   182     25
   183     15
   183     16
   183     17
   183     18
   183     19
   183     26
   183     28
   184      1
   184      2
   184      3
   184      4
   184      5
   184     21
   184     22
   184     23
   184     24
   184     25
   185     15
   185     16
   185     17
   185     18
   185     19
   186     23
   187     23
   188     16
   188     19
   188     20
   188     26
   188     28
   189      1
   189      2
   189      3
   189      4
   189      5
   190     12
   190     21
   190     22
   190     23
   190     24
   190     25
   191      1
   191      4
   191     16
   191     19
   191     26
   191     28
   192     20
   192     29
   193      2
   193     12
   194      2
   194     12
   194     15
   194     16
   194     17
   194     18
   194     19
   195     20
   196      5
   196     29
   197      2
   197     12
   198      3
   198      8
   198      9
   198     11
   198     20
   198     25
   198     28
   198     30
   198     31
   199     16
   199     19
   199     26
   199     28
   200     16
   200     19
   200     26
   200     28
