     1      1
     1      2
     1      3
     1      4
     2      5
     2      6
     2      7
     2      8
     3      9
     3     10
     3     11
     4     12
     4     13
     4     14
     5      4
     5     14
     5     15
     5     16
     5     17
     6      3
     6     18
     6     19
     6     20
     6     21
     7     22
     8     16
     8     23
     8     24
     8     25
     9     26
     9     27
     9     28
     9     29
    10      7
    11     18
    11     30
    12     31
    13     18
    13     32
    14      8
    15     33
    16      4
    16     14
    16     19
    16     23
    16     34
    17      3
    17     19
    17     21
    17     28
    17     35
    18     36
    19     18
    20     15
    20     37
    20     38
    20     39
    21     15
    21     30
    21     40
    22     19
    22     41
    22     42
    23     29
    23     31
    24      4
    24     35
    24     43
    25     21
    25     30
    25     35
    26     34
    26     44
    27     27
    27     45
    28     18
    28     25
    29      4
    29     46
    30     27
    30     30
    30     47
    30     48
    30     49
    31     50
    32     12
    33      5
    33     13
    33     26
    33     51
    33     52
    34      3
    34     34
    35     53
    36     54
    36     55
    37      9
    38      2
    38      8
    38     56
    38     57
    39     58
    40     30
    40     55
    40     59
