     1      1
     2      2
     2      3
     2      4
     2      5
     3      6
     3      7
     3      8
     3      9
     4     10
     4     11
     4     12
     5     13
     5     14
     5     15
     5     16
     5     17
     6      8
     6     18
     7     19
     7     20
     8     21
     9     18
     9     22
     9     23
     9     24
     9     25
    10     26
    10     27
    10     28
    11     29
    11     30
    11     31
    11     32
    11     33
    12      3
    12     31
    12     34
    12     35
    13     36
    13     37
    13     38
    13     39
    13     40
    14      2
    14     41
    14     42
    14     43
    14     44
    15     45
    16     34
    16     38
    16     46
    16     47
    17     18
    17     43
    17     48
    17     49
    17     50
    18     51
    19     52
    19     53
    19     54
    20     55
    21     56
    22     34
    22     57
    23     54
    23     58
    23     59
    23     60
    24     61
    24     62
    25     31
    25     63
    26     12
    26     64
    27     10
    27     22
    27     65
    27     66
    27     67
    28     47
    28     62
    28     68
    28     69
    29     34
    29     58
    29     68
    29     70
    29     71
    30     21
    30     72
    30     73
    31     28
    31     32
    31     74
    31     75
    32     23
    32     67
    32     75
    32     76
    32     77
    33     10
    33     75
    33     78
    34     50
    34     67
    34     69
    34     79
    35     80
    36     81
    37     82
    37     83
    37     84
    37     85
    37     86
    38     24
    38     36
    38     69
    38     87
    39     88
    40     14
    40     89
    40     90
    41     18
    41     28
    41     55
    41     73
    42     21
    42     91
    42     92
    42     93
    43     10
    43     31
    43     94
    43     95
    44      3
    44     12
    44     96
    45     63
    45     97
    46     13
    46     14
    46     93
    47     98
    48     27
    49     67
    50     62
    50     99
    51    100
    52     19
    53     16
    53     95
    54      3
    54     36
    54     76
    54    101
    54    102
    55      6
    55     35
    55     75
    55    103
    55    104
    56      6
    56    105
    56    106
    56    107
    57     48
    57     64
    57     86
    58     15
    58     30
    58    102
    58    108
    58    109
    59     53
    59    106
    60     29
    60    110
    61     23
    61     68
    61     79
    61    111
    61    112
    62     25
    62    106
    62    113
    62    114
    63     81
    63    115
    64    116
    64    117
    64    118
    64    119
    64    120
    65    121
    66      1
    66      9
    66     69
    67     31
    67     41
    67     94
    68      1
    68     10
    68    122
    69     10
    69     23
    69     55
    69     60
    69     68
    70     20
    70     29
    70    123
    70    124
    70    125
    71     56
    71    126
    72     15
    72     39
    72     79
    72    106
    72    127
    73     26
    73     44
    73    114
    74     71
    74    121
    74    128
    75     13
    75     40
    75     71
    75    115
    75    129
    76     62
    76     83
    76    104
    76    130
    77     33
    77    131
    77    132
    78     89
    78     91
    78    108
    78    133
    78    134
    79     12
    79     36
    80     60
    80    121
