     1      1
     1      2
     1      3
     1      4
     1      5
     2      6
     2      7
     2      8
     2      9
     2     10
     3      9
     3     11
     3     12
     3     13
     3     14
     4      2
     4     12
     5     15
     5     16
     5     17
     5     18
     5     19
     6     20
     7     21
     7     22
     7     23
     7     24
     7     25
     8      1
     8      4
     9      4
     9     12
     9     21
     9     26
     9     27
    10     13
    11      4
    12     12
    12     23
    13     21
    14     16
    14     19
    14     26
    14     28
    15     20
    15     29
    16     23
    17      8
    17     11
    17     28
    17     30
    17     31
    18      5
    18      9
    18     27
    18     29
    18     32
    19      3
    19      9
    19     20
    19     25
    20      5
    20     29
