     1     21
     1     30
     1     35
     2     18
     2     25
     2     30
     2     36
     3      4
     3     30
     3     46
     3     55
     3     59
     4      5
     4     12
     4     13
     4     15
     4     26
     4     37
     4     38
     4     39
     4     50
     4     51
     4     52
     5     16
     5     23
     5     24
     5     25
     5     27
     5     30
     5     47
     5     48
     5     49
     6      3
     6      8
     6     19
     6     21
     6     28
     6     29
     6     31
     6     33
     6     35
     7     19
     7     33
     7     41
     7     42
     7     58
     8      4
     8     14
     8     15
     8     19
     8     23
     8     30
     8     34
     8     40
     8     41
     8     42
     9     21
     9     27
     9     29
     9     30
     9     31
     9     35
     9     45
     9     55
     9     59
    10      7
    10      9
    10     10
    10     11
    11     27
    11     34
    11     44
    11     45
    11     50
    12      5
    12     13
    12     16
    12     21
    12     22
    12     23
    12     24
    12     25
    12     26
    12     30
    12     35
    12     51
    12     52
    13      5
    13      6
    13      7
    13      8
    13     27
    13     30
    13     47
    13     48
    13     49
    13     50
    14     18
    14     30
    14     34
    14     44
    15     15
    15     30
    15     40
    15     53
    15     54
    15     55
    15     58
    16      7
    16     30
    16     55
    16     59
    17      3
    17      4
    17     12
    17     27
    17     34
    17     35
    17     43
    17     45
    18     50
    19      4
    19      7
    19     14
    19     15
    19     19
    19     23
    19     30
    19     34
    19     35
    19     40
    19     43
    20      3
    20     12
    20     18
    20     19
    20     20
    20     21
    20     27
    20     30
    20     47
    20     48
    20     49
    20     53
    21     31
    22      4
    22     18
    22     31
    22     32
    22     46
    23     18
    23     25
    24     15
    24     30
    24     40
    25     22
    25     27
    25     30
    25     47
    25     48
    25     49
    26     27
    26     30
    26     47
    26     48
    26     49
    26     50
    27     21
    27     29
    27     30
    27     31
    27     35
    28      7
    28     54
    28     55
    29      4
    29     14
    29     19
    29     23
    29     34
    30     15
    30     34
    30     36
    30     37
    30     38
    30     39
    30     44
    31      7
    31     54
    31     55
    32     15
    32     19
    32     30
    32     40
    32     41
    32     42
    33     50
    34     21
    34     30
    34     35
    35      3
    35      9
    35     18
    35     19
    35     20
    35     21
    36     21
    36     22
    36     29
    36     30
    36     31
    36     35
    37     27
    37     30
    37     45
    37     47
    37     48
    37     49
    38      9
    38     10
    38     11
    38     15
    38     37
    38     38
    38     39
    39      9
    39     10
    39     11
    39     15
    39     37
    39     38
    39     39
    39     53
    40      4
    40     14
    40     19
    40     23
    40     34
    41      8
    41      9
    41     12
    41     13
    41     14
    42      3
    42      9
    42     10
    42     11
    42     18
    42     19
    42     21
    42     28
    42     35
    43     18
    43     30
    44     18
    44     50
    45      4
    45      5
    45     13
    45     16
    45     23
    45     24
    45     25
    45     26
    45     46
    45     51
    45     52
    46      9
    47     18
    47     53
    48      7
    48     18
    48     32
    48     36
    49     22
    49     29
    49     31
    49     33
    50      9
    50     21
    50     30
    50     35
    51      4
    51     14
    51     15
    51     16
    51     17
    51     18
    51     30
    51     40
    52     16
    52     22
    52     23
    52     24
    52     25
    53      1
    53      2
    53      3
    53      4
    53     33
    53     58
    54     12
    54     13
    54     14
    55      4
    55      7
    55     34
    55     35
    55     43
    55     44
    56     12
    56     31
    56     34
    56     44
    57      1
    57      2
    57      3
    57      4
    57     18
    57     19
    57     20
    57     21
    57     27
    57     30
    57     35
    57     47
    57     48
    57     49
    58      4
    58      9
    58     10
    58     11
    58     12
    58     14
    58     19
    58     23
    58     27
    58     30
    58     34
    58     47
    58     48
    58     49
    59      8
    60      5
    60      6
    60      7
    60      8
    61     22
    62      7
    62      8
    62     19
    62     41
    62     42
    63     12
    63     13
    63     14
    63     15
    63     18
    63     19
    63     25
    63     30
    63     40
    63     41
    63     42
    64      5
    64      6
    64      7
    64      8
    64     15
    64     27
    64     30
    64     40
    64     47
    64     48
    64     49
    65      3
    65      4
    65      9
    65     10
    65     11
    65     15
    65     18
    65     19
    65     20
    65     21
    65     30
    65     35
    65     40
    65     43
    66     58
    67      3
    67      7
    67     18
    67     19
    67     20
    67     21
    67     30
    68      1
    68      2
    68      3
    68      4
    68     15
    68     27
    68     30
    68     40
    68     45
    68     50
    69     54
    69     55
    70     26
    70     27
    70     28
    70     29
    70     45
    71      8
    71     27
    71     30
    71     47
    71     48
    71     49
    72     36
    72     54
    72     55
    72     58
    73      4
    73     12
    73     13
    73     14
    73     35
    73     43
    73     53
    74      3
    74     18
    74     19
    74     20
    74     21
    74     50
    74     58
    75     50
    76     15
    76     18
    76     22
    76     30
    76     37
    76     38
    76     39
    76     40
    77      3
    77     16
    77     18
    77     23
    77     24
    77     25
    77     27
    77     30
    77     34
    77     47
    77     48
    77     49
    78      3
    78     12
    78     13
    78     14
    78     27
    78     34
    78     45
    78     53
    79      2
    79      3
    79      8
    79     18
    79     19
    79     20
    79     21
    79     33
    79     56
    79     57
    80     18
    80     30
    80     31
    80     32
    80     55
    80     59
    81      5
    81      9
    81     10
    81     11
    81     13
    81     21
    81     26
    81     30
    81     35
    81     51
    81     52
    82      4
    82     35
    82     43
    83     27
    83     30
    83     47
    83     48
    83     49
    84      1
    84      2
    84      3
    84      4
    84      9
    84     10
    84     11
    84     12
    84     13
    84     14
    84     19
    84     21
    84     28
    84     35
    85     18
    85     19
    85     25
    85     41
    85     42
    86      3
    86     18
    86     19
    86     20
    86     21
    86     30
    86     32
    86     35
    87      3
    87      5
    87     13
    87     26
    87     34
    87     51
    87     52
    88     19
    88     22
    88     33
    88     41
    88     42
    89      1
    89      2
    89      3
    89      4
    89     18
    89     19
    89     26
    89     27
    89     28
    89     29
    89     41
    89     42
    90      5
    90      6
    90      7
    90      8
    90      9
    90     15
    90     21
    90     30
    90     35
    90     40
    91      4
    91     15
    91     26
    91     27
    91     28
    91     29
    91     35
    91     37
    91     38
    91     39
    91     43
    92      3
    92     18
    92     19
    92     20
    92     21
    93      8
    93     19
    93     30
    93     41
    93     42
    93     55
    93     59
    94     33
    95      4
    95     14
    95     15
    95     16
    95     17
    95     27
    95     45
    96     12
    96     31
    96     34
    96     44
    97     12
    97     13
    97     14
    97     15
    97     18
    97     30
    97     37
    97     38
    97     39
    97     55
    97     59
    98      2
    98      8
    98     18
    98     32
    98     36
    98     56
    98     57
    99      3
    99      4
    99     14
    99     15
    99     16
    99     17
    99     19
    99     21
    99     28
    99     30
    99     35
    99     41
    99     42
    99     55
    99     59
   100     26
   100     27
   100     28
   100     29
   101     30
   101     55
   101     59
   102     12
   102     13
   102     14
   102     18
   102     25
   102     29
   102     31
   102     33
   103      1
   103      2
   103      3
   103      4
   103     18
   103     25
   104      1
   104      2
   104      3
   104      4
   104     18
   104     19
   104     20
   104     21
   104     22
   104     26
   104     27
   104     28
   104     29
   105      9
   105     10
   105     11
   105     27
   105     30
   105     36
   105     47
   105     48
   105     49
   106      4
   106     14
   106     15
   106     16
   106     17
   106     18
   106     50
   107      8
   108     26
   108     27
   108     28
   108     29
   108     34
   108     44
   108     45
   109      5
   109     13
   109     15
   109     18
   109     25
   109     26
   109     30
   109     40
   109     51
   109     52
   110     18
   110     27
   110     30
   110     32
   110     34
   110     44
   110     47
   110     48
   110     49
   111      3
   111      4
   111     14
   111     18
   111     19
   111     20
   111     21
   111     23
   111     28
   111     29
   111     31
   111     34
   111     35
   112      3
   112      4
   112      5
   112      6
   112      7
   112      8
   112     22
   112     34
   112     46
   113     30
   113     55
   113     59
   114      2
   114      8
   114     21
   114     30
   114     35
   114     56
   114     57
   115      7
   115     34
   115     44
   116      4
   116      9
   116     12
   116     13
   116     14
   116     19
   116     35
   116     41
   116     42
   116     43
   117      3
   117      8
   117     18
   117     19
   117     20
   117     21
   117     36
   118      8
   118     18
   118     22
   118     30
   119      9
   120      9
   121      9
   121     54
   121     55
   122      3
   122     15
   122     27
   122     30
   122     34
   122     37
   122     38
   122     39
   122     40
   122     47
   122     48
   122     49
   123      1
   123      2
   123      3
   123      4
   123     12
   123     18
   124      3
   124      8
   124     18
   124     19
   124     20
   124     21
   124     54
   124     55
   125     21
   125     22
   125     30
   125     35
   125     36
   126     27
   126     30
   126     47
   126     48
   126     49
   127      9
   127     10
   127     11
   127     27
   127     30
   127     47
   127     48
   127     49
   128      5
   128     13
   128     26
   128     51
   128     52
   129      5
   129      6
   129      7
   129      8
   129     12
   129     13
   129     14
   129     18
   130      3
   130     15
   130     19
   130     21
   130     22
   130     28
   130     30
   130     35
   130     40
   130     58
   131      8
   131     16
   131     22
   131     23
   131     24
   131     25
   131     27
   131     30
   131     47
   131     48
   131     49
   132     18
   132     32
   133      3
   133     26
   133     27
   133     28
   133     29
   133     31
   133     34
   133     53
   134     15
   134     27
   134     30
   134     40
   134     45
   135      1
   135      2
   135      3
   135      4
   135     14
   135     15
   135     16
   135     17
   135     50
   136      2
   136      4
   136      5
   136      6
   136      7
   136      8
   136     14
   136     15
   136     16
   136     17
   136     22
   136     56
   136     57
   137     18
   137     25
   137     30
   137     53
   137     55
   137     59
   138      8
   138     18
   138     30
   138     53
   138     55
   138     59
   139      2
   139      3
   139      8
   139     12
   139     13
   139     14
   139     34
   139     56
   139     57
   140      3
   140      4
   140      5
   140     13
   140     14
   140     15
   140     16
   140     17
   140     19
   140     21
   140     26
   140     28
   140     35
   140     43
   140     51
   140     52
   141      5
   141      6
   141      7
   141      8
   141     19
   141     31
   141     41
   141     42
   142     18
   142     32
   142     53
   143      8
   143     15
   143     18
   143     32
   143     37
   143     38
   143     39
   143     54
   143     55
   144      2
   144      8
   144      9
   144     10
   144     11
   144     56
   144     57
   145      9
   145     31
   146      7
   147      8
   148      3
   148     34
   149      3
   149     18
   149     19
   149     20
   149     21
   150      3
   150      4
   150     12
   150     14
   150     18
   150     19
   150     20
   150     21
   150     23
   150     34
   151     27
   151     30
   151     36
   151     47
   151     48
   151     49
   152      4
   152     19
   152     34
   152     41
   152     42
   152     44
   152     46
   153     16
   153     18
   153     23
   153     24
   153     25
   153     32
   154     53
   155      4
   155     35
   155     43
   156     36
   157      9
   157     33
   158      2
   158      5
   158      8
   158     13
   158     18
   158     25
   158     26
   158     27
   158     30
   158     47
   158     48
   158     49
   158     51
   158     52
   158     56
   158     57
   159      3
   159      5
   159     13
   159     15
   159     26
   159     30
   159     34
   159     40
   159     51
   159     52
   160      1
   160      2
   160      3
   160      4
   160      9
   160     10
   160     11
   161     21
   161     30
   161     35
   162     18
   162     25
   163      3
   163      5
   163      6
   163      7
   163      8
   163     18
   163     21
   163     30
   163     32
   163     34
   163     35
   164      5
   164      6
   164      7
   164      8
   164     13
   164     18
   164     26
   164     32
   164     36
   164     51
   164     52
   165      4
   165      9
   165     10
   165     11
   165     35
   165     43
   165     50
   166      4
   166      9
   166     10
   166     11
   166     26
   166     27
   166     28
   166     29
   166     33
   166     46
   167      9
   167     10
   167     11
   168      9
   168     18
   168     25
   169      4
   169     30
   169     46
   169     55
   169     59
   170      5
   170      6
   170      7
   170      8
   170     22
   170     26
   170     27
   170     28
   170     29
   171      8
   171      9
   172     54
   172     55
   173      4
   173     14
   173     15
   173     16
   173     17
   173     53
   174      3
   174     15
   174     18
   174     19
   174     20
   174     21
   174     27
   174     34
   174     37
   174     38
   174     39
   174     44
   174     45
   175      5
   175      6
   175      7
   175      8
   175     18
   175     50
   176      7
   176     12
   176     18
   176     31
   176     32
   177      2
   177      8
   177     12
   177     13
   177     14
   177     56
   177     57
   177     58
   178     15
   178     18
   178     30
   178     31
   178     40
   179      9
   179     26
   179     27
   179     28
   179     29
   180     15
   180     16
   180     23
   180     24
   180     25
   180     30
   180     40
   181     19
   181     41
   181     42
   182      8
   182     18
   182     32
   183      1
   183      2
   183      3
   183      4
   183     22
   184      9
   184     10
   184     11
   184     22
   185      4
   185      8
   185     18
   185     25
   185     30
   185     35
   185     43
   186      4
   186     15
   186     30
   186     35
   186     40
   186     43
   187      9
   187     12
   187     15
   187     29
   187     31
   187     37
   187     38
   187     39
   188     18
   188     32
   188     53
   189      4
   189      5
   189      6
   189      7
   189      8
   189     14
   189     15
   189     16
   189     17
   189     21
   189     23
   189     24
   189     25
   189     30
   189     35
   190     33
   191      1
   191      2
   191      3
   191      4
   191     15
   191     18
   191     25
   191     30
   191     40
   191     55
   191     59
   192      4
   192      8
   192     18
   192     26
   192     27
   192     28
   192     29
   192     32
   192     35
   192     43
   193      1
   193      2
   193      3
   193      4
   193     12
   193     13
   193     14
   193     15
   193     18
   193     30
   193     37
   193     38
   193     39
   194     12
   195     21
   195     30
   195     35
   196      3
   196     19
   196     21
   196     28
   196     35
   197      1
   197      2
   197      3
   197      4
   197     21
   197     30
   197     33
   197     35
   197     58
   198      4
   198     27
   198     30
   198     45
   198     46
   198     54
   198     55
   198     59
   199      3
   199     18
   199     19
   199     20
   199     21
   199     25
   199     50
   200      3
   200      9
   200     10
   200     11
   200     34
   201     16
   201     23
   201     24
   201     25
   201     26
   201     27
   201     28
   201     29
   201     58
   202      3
   202     19
   202     21
   202     28
   202     35
   202     50
   202     53
   202     58
   203      5
   203     13
   203     26
   203     31
   203     34
   203     44
   203     51
   203     52
   203     54
   203     55
   204     15
   204     16
   204     23
   204     24
   204     25
   204     37
   204     38
   204     39
   205      1
   205      2
   205      3
   205      4
   205     34
   206      1
   206      2
   206      3
   206      4
   206      7
   206      8
   206     56
   206     57
   207      1
   207      2
   207      3
   207      4
   207     14
   207     16
   207     18
   207     19
   207     23
   207     24
   207     25
   207     34
   208      4
   208     14
   208     19
   208     23
   208     34
   209      3
   209     18
   209     27
   209     30
   209     32
   209     33
   209     34
   209     47
   209     48
   209     49
   210     22
   210     36
   211     12
   211     18
   212      4
   212     14
   212     15
   212     16
   212     17
   212     27
   212     29
   212     31
   212     35
   212     43
   212     45
   213      7
   213     12
   213     54
   213     55
   214     19
   214     41
   214     42
   215      5
   215      6
   215      7
   215      8
   215     16
   215     23
   215     24
   215     25
   215     26
   215     27
   215     28
   215     29
   216      9
   216     53
   217     12
   217     13
   217     14
   217     22
   217     34
   217     44
   218     18
   218     25
   219      3
   219      4
   219      7
   219     14
   219     15
   219     16
   219     17
   219     19
   219     21
   219     28
   219     30
   219     35
   219     40
   220     12
   221      3
   221      4
   221     14
   221     18
   221     19
   221     23
   221     32
   221     34
   222      4
   222     35
   222     43
   223      5
   223      6
   223      7
   223      8
   223     26
   223     27
   223     28
   223     29
   223     30
   223     47
   223     48
   223     49
   224      5
   224      6
   224      7
   224      8
   224     22
   225      2
   225      7
   225      8
   225     21
   225     30
   225     35
   225     56
   225     57
   226     12
   226     13
   226     14
   226     21
   226     30
   226     35
   226     53
   227      4
   227     14
   227     15
   227     16
   227     17
   227     30
   227     36
   227     55
   227     59
   228     18
   228     32
   229     12
   230     19
   230     41
   230     42
   231     16
   231     23
   231     24
   231     25
   231     53
   231     58
   232      3
   232     16
   232     19
   232     21
   232     23
   232     24
   232     25
   232     28
   232     29
   232     31
   232     35
   233     58
   234      8
   234     12
   234     29
   234     31
   235      9
   235     15
   235     30
   235     37
   235     38
   235     39
   235     40
   236      4
   236     14
   236     15
   236     19
   236     23
   236     33
   236     34
   236     37
   236     38
   236     39
   236     54
   236     55
   237     21
   237     30
   237     35
   237     50
   238      3
   238      4
   238     14
   238     15
   238     16
   238     17
   238     34
   239     29
   239     31
   240      2
   240      8
   240     29
   240     31
   240     56
   240     57
   241      4
   241     14
   241     16
   241     19
   241     23
   241     24
   241     25
   241     34
   241     44
   242     12
   243      4
   243      5
   243     13
   243     14
   243     19
   243     23
   243     26
   243     34
   243     51
   243     52
   244      2
   244      3
   244      8
   244     34
   244     54
   244     55
   244     56
   244     57
   244     58
   245      9
   245     10
   245     11
   245     21
   245     30
   245     35
   246     33
   247     33
   247     50
   248      3
   248      7
   248      8
   248     19
   248     21
   248     28
   248     35
   248     50
   249      3
   249      5
   249     12
   249     13
   249     14
   249     18
   249     19
   249     20
   249     21
   249     26
   249     50
   249     51
   249     52
   250      2
   250      5
   250      6
   250      7
   250      8
   250     26
   250     27
   250     28
   250     29
   250     56
   250     57
   251      4
   251     15
   251     18
   251     30
   251     35
   251     40
   251     43
   252      9
   252     10
   252     11
   252     18
   252     30
   253      4
   253     19
   253     41
   253     42
   253     46
   254     18
   254     25
   254     30
   254     55
   254     58
   254     59
   255      4
   255     34
   255     35
   255     43
   255     44
   256     29
   256     31
   257     15
   257     30
   257     40
   257     54
   257     55
   258      4
   258     12
   258     29
   258     31
   258     46
   258     50
   259      2
   259      4
   259      8
   259     34
   259     44
   259     46
   259     56
   259     57
   260      2
   260      4
   260      8
   260      9
   260     10
   260     11
   260     46
   260     56
   260     57
   260     58
   261     12
   261     13
   261     14
   261     19
   261     30
   261     34
   261     41
   261     42
   261     44
   261     55
   261     59
   262      5
   262     13
   262     21
   262     22
   262     26
   262     30
   262     35
   262     51
   262     52
   263     53
   264      3
   264     18
   264     32
   264     34
   265     27
   265     30
   265     47
   265     48
   265     49
   266      8
   266     18
   266     25
   267      2
   267      8
   267     12
   267     13
   267     14
   267     30
   267     55
   267     56
   267     57
   267     59
   268      4
   268      8
   268      9
   268     10
   268     11
   268     14
   268     15
   268     16
   268     17
   269     53
   270     22
   270     36
   270     53
   271      3
   271     19
   271     21
   271     22
   271     27
   271     28
   271     30
   271     35
   271     47
   271     48
   271     49
   272      1
   272      2
   272      3
   272      4
   273      2
   273      8
   273     19
   273     41
   273     42
   273     56
   273     57
   274     53
   275      8
   275     34
   275     44
   276      4
   276      7
   276      8
   276     14
   276     15
   276     19
   276     23
   276     34
   276     37
   276     38
   276     39
   277      2
   277      8
   277     27
   277     30
   277     47
   277     48
   277     49
   277     56
   277     57
   278      3
   278      9
   278     12
   278     19
   278     21
   278     28
   278     31
   278     35
   279     12
   279     13
   279     14
   279     18
   279     22
   279     25
   279     26
   279     27
   279     28
   279     29
   280     22
   281      4
   281     35
   281     43
   281     54
   281     55
   282      9
   283      5
   283     13
   283     26
   283     51
   283     52
   284      9
   285      4
   285     18
   285     21
   285     30
   285     35
   285     46
   286      1
   286      2
   286      3
   286      4
   286      8
   286      9
   286     10
   286     11
   286     18
   286     30
   286     56
   286     57
   287     31
   288     12
   289      4
   289     46
   290     15
   290     27
   290     30
   290     40
   290     47
   290     48
   290     49
   290     54
   290     55
   291      2
   291      8
   291     15
   291     37
   291     38
   291     39
   291     54
   291     55
   291     56
   291     57
   292      3
   292     12
   292     13
   292     14
   292     18
   292     19
   292     21
   292     25
   292     28
   292     29
   292     31
   292     35
   293      2
   293      4
   293      8
   293     14
   293     18
   293     19
   293     23
   293     30
   293     34
   293     35
   293     43
   293     56
   293     57
   294     18
   294     33
   295      2
   295      7
   295      8
   295     30
   295     55
   295     56
   295     57
   295     59
   296      4
   296      9
   296     26
   296     27
   296     28
   296     29
   296     35
   296     43
   296     46
   297      4
   297     27
   297     35
   297     36
   297     43
   297     45
   297     54
   297     55
   298     12
   298     13
   298     14
   298     33
   299     21
   299     30
   299     35
   300      4
   300     14
   300     15
   300     16
   300     17
   300     26
   300     27
   300     28
   300     29
   300     46
   300     54
   300     55
   301      2
   301      8
   301      9
   301     36
   301     56
   301     57
   301     58
   302     33
   302     54
   302     55
   303      4
   303      8
   303      9
   303     35
   303     43
   304     26
   304     27
   304     28
   304     29
   305     54
   305     55
   306      5
   306      6
   306      7
   306      8
   306     36
   307      4
   307     14
   307     15
   307     16
   307     17
   307     34
   307     35
   307     43
   307     44
   308     18
   308     25
   308     29
   308     31
   309      1
   309      2
   309      3
   309      4
   309      5
   309      6
   309      7
   309      8
   309     54
   309     55
   310     18
   310     32
   311      3
   311     29
   311     31
   311     34
   312      9
   312     10
   312     11
   312     18
   312     30
   313     18
   313     32
   313     36
   314      7
   314     12
   314     13
   314     14
   314     15
   314     37
   314     38
   314     39
   314     54
   314     55
   315      3
   315     19
   315     21
   315     28
   315     35
   315     53
   316      5
   316      6
   316      7
   316      8
   316     58
   317     22
   318      8
   318     15
   318     30
   318     40
   319      3
   319     18
   319     19
   319     20
   319     21
   320      3
   320     12
   320     13
   320     14
   320     19
   320     21
   320     28
   320     35
   321      2
   321      8
   321     15
   321     37
   321     38
   321     39
   321     56
   321     57
   322      4
   322     14
   322     15
   322     16
   322     17
   322     33
   322     36
   322     46
   323      1
   323      2
   323      3
   323      4
   323      8
   323     15
   323     19
   323     37
   323     38
   323     39
   323     41
   323     42
   324      1
   324      2
   324      3
   324      4
   324      5
   324      6
   324      7
   324      8
   324     33
   324     34
   324     44
   325     18
   325     19
   325     25
   325     41
   325     42
   326     16
   326     23
   326     24
   326     25
   326     26
   326     27
   326     28
   326     29
   327     18
   327     26
   327     27
   327     28
   327     29
   327     30
   327     32
   327     33
   328      4
   328     27
   328     30
   328     35
   328     43
   328     47
   328     48
   328     49
   328     58
   329      1
   329      2
   329      3
   329      4
   329      9
   329     10
   329     11
   329     12
   329     13
   329     14
   329     53
   330     15
   330     30
   330     34
   330     40
   330     44
   331      5
   331      6
   331      7
   331      8
   331     33
   331     34
   331     44
   332     18
   332     22
   332     32
   333      4
   333     35
   333     43
   333     46
   334     15
   334     37
   334     38
   334     39
   335      3
   335     31
   335     34
   336      7
   336     29
   336     31
   336     34
   336     44
   337      7
   337      9
   338     26
   338     27
   338     28
   338     29
   338     33
   338     54
   338     55
   339      3
   339     19
   339     21
   339     28
   339     35
   340     12
   340     13
   340     14
   341     12
   341     13
   341     14
   342      9
   342     18
   343     31
   344      5
   344     13
   344     26
   344     30
   344     31
   344     51
   344     52
   344     55
   344     59
   345      3
   345     19
   345     21
   345     28
   345     35
   345     50
   346     29
   346     31
   347      3
   347      5
   347     12
   347     13
   347     14
   347     19
   347     21
   347     26
   347     28
   347     35
   347     51
   347     52
   348      3
   348     19
   348     21
   348     28
   348     35
   349      4
   349     46
   350      3
   350      4
   350      7
   350     19
   350     21
   350     28
   350     29
   350     31
   350     35
   350     46
   351      8
   351      9
   351     10
   351     11
   351     21
   351     30
   351     35
   351     50
   352     12
   352     19
   352     29
   352     31
   352     41
   352     42
   352     50
   353      9
   353     22
   353     31
   354      9
   354     10
   354     11
   355      9
   355     22
   355     26
   355     27
   355     28
   355     29
   356      3
   356     18
   356     19
   356     20
   356     21
   356     28
   356     35
   357     16
   357     18
   357     23
   357     24
   357     25
   358     19
   358     41
   358     42
   358     50
   359      3
   359     15
   359     18
   359     19
   359     20
   359     21
   359     27
   359     36
   359     37
   359     38
   359     39
   359     45
   360     27
   360     45
   361      3
   361     19
   361     21
   361     28
   361     35
   362     18
   362     21
   362     30
   362     32
   362     35
   363     27
   363     33
   363     45
   364      4
   364      8
   364      9
   364     10
   364     11
   364     46
   365      4
   365      8
   365     14
   365     19
   365     23
   365     31
   365     34
   365     50
   366      4
   366     14
   366     15
   366     16
   366     17
   366     18
   366     19
   366     41
   366     42
   367     21
   367     30
   367     35
   368     15
   368     18
   368     31
   368     32
   368     37
   368     38
   368     39
   369      4
   369      9
   369     33
   369     35
   369     43
   369     54
   369     55
   370      4
   370     46
   371      5
   371      9
   371     13
   371     18
   371     25
   371     26
   371     34
   371     44
   371     51
   371     52
   372      3
   372     12
   372     15
   372     34
   372     37
   372     38
   372     39
   372     58
   373     30
   373     55
   373     59
   374     18
   374     32
   375     21
   375     30
   375     35
   376     15
   376     37
   376     38
   376     39
   377     16
   377     23
   377     24
   377     25
   378      9
   379     15
   379     30
   379     40
   379     50
   380      3
   380      4
   380     34
   380     35
   380     43
   380     58
   381     53
   382     18
   382     25
   383     26
   383     27
   383     28
   383     29
   383     54
   383     55
   384      7
   384     30
   384     55
   384     59
   385      4
   385     14
   385     15
   385     16
   385     17
   386      5
   386      6
   386      7
   386      8
   386     19
   386     41
   386     42
   387      4
   387     27
   387     30
   387     35
   387     43
   387     47
   387     48
   387     49
   388      2
   388      8
   388      9
   388     19
   388     34
   388     41
   388     42
   388     44
   388     56
   388     57
   389      4
   389      9
   389     18
   389     25
   389     26
   389     27
   389     28
   389     29
   389     46
   390     27
   390     30
   390     47
   390     48
   390     49
   391      1
   391      2
   391      3
   391      4
   391     18
   391     30
   392      4
   392     14
   392     15
   392     16
   392     17
   392     22
   392     33
   393     27
   393     30
   393     47
   393     48
   393     49
   393     50
   394     21
   394     30
   394     35
   395     22
   395     34
   395     44
   395     58
   396      9
   396     22
   396     26
   396     27
   396     28
   396     29
   397     50
   398     15
   398     18
   398     29
   398     30
   398     31
   398     36
   398     37
   398     38
   398     39
   399      2
   399      4
   399      8
   399     14
   399     18
   399     19
   399     23
   399     30
   399     34
   399     56
   399     57
   400     18
   400     31
   400     32
