     1     10
     1     11
     1     13
     1     28
     1     34
     1     36
     1     38
     1     39
     2      5
     2     18
     2     25
     2     31
     2     37
     3      3
     3     25
     4     18
     4     19
     4     28
     4     29
     4     39
     4     40
     5     14
     5     24
     6      1
     6      7
     6     21
     7      9
     7     12
     7     15
     7     16
     7     29
     7     33
     7     36
     8      9
     8     10
     8     16
     8     28
     8     29
     8     33
     8     34
     8     36
     8     38
     9     26
     9     36
     9     39
    10     14
    10     24
    11     18
    12      6
    12     32
    12     33
    12     36
    12     40
    13      5
    13     18
    13     25
    13     31
    13     36
    13     37
    14     39
    15     11
    15     13
    15     19
    15     28
    15     36
    15     39
    15     40
    16      6
    16     21
    16     32
    16     33
    16     36
    16     40
    17      7
    17     11
    17     13
    17     19
    17     26
    18     10
    18     21
    18     28
    18     34
    18     38
    19     36
    19     39
    20      3
    20      5
    20     18
    20     25
    20     31
    20     37
    21     10
    21     28
    21     34
    21     38
    22      5
    22     18
    22     25
    22     31
    22     37
    23      5
    23      7
    23     11
    23     13
    23     18
    23     19
    23     25
    23     26
    23     31
    23     37
    24     21
    25     12
    25     15
    25     21
    26     10
    26     21
    26     28
    26     34
    26     38
    27      1
    27      5
    27      7
    27     18
    27     25
    27     31
    27     37
    28      9
    28     16
    28     29
    28     33
    28     36
    29     10
    29     28
    29     34
    29     38
    30     19
    30     28
    30     40
    31     12
    31     15
    31     19
    31     28
    31     40
    32     12
    32     15
    33      3
    33      4
    33     10
    33     25
    34     11
    34     13
    34     36
    34     39
    35     18
    35     26
    35     27
    35     29
    35     39
    36     11
    36     13
    36     36
    36     39
    37     11
    37     13
    37     18
    37     29
    37     36
    37     39
    38      7
    38     11
    38     13
    38     14
    38     19
    38     24
    38     26
    39     18
    40      4
    40     10
    40     39
    41     26
    41     27
    41     39
    42     18
    42     29
    42     39
    43      3
    43     25
    43     36
    44      5
    44     18
    44     25
    44     31
    44     37
    44     39
    45      4
    45      5
    45     10
    45     18
    45     25
    45     31
    45     37
    46     21
    47     18
    47     26
    47     27
    48      4
    48      5
    48     10
    48     18
    48     25
    48     31
    48     37
    49      5
    49      9
    49     16
    49     18
    49     25
    49     29
    49     31
    49     33
    49     36
    49     37
    50     10
    50     28
    50     34
    50     36
    50     38
    51      5
    51     12
    51     15
    51     18
    51     25
    51     31
    51     37
    52      1
    52     18
    52     26
    52     27
    52     29
    52     40
    53      4
    53     10
    54      6
    54     32
    54     33
    54     36
    54     40
    55      3
    55     25
    56      6
    56     32
    56     33
    56     36
    56     40
    57     14
    57     24
    58      9
    58     16
    58     29
    58     33
    58     36
    59     19
    59     28
    59     40
    60      6
    60     32
    60     33
    60     36
    60     40
    61      1
    61     11
    61     13
    61     18
    61     26
    61     29
    61     36
    61     39
    61     40
    62      1
    62     18
    62     26
    62     29
    62     39
    62     40
    63     26
    63     39
    64      1
    64     18
    64     26
    64     29
    64     40
    65      4
    65     10
    65     12
    65     15
    66     14
    66     24
    67      1
    67      7
    67     11
    67     13
    67     36
    67     39
    68     26
    68     27
    69      1
    69      7
    70      9
    70     16
    70     29
    70     33
    70     36
    71      5
    71     18
    71     25
    71     31
    71     37
    72     18
    72     29
    72     39
    73      1
    73      7
    73     18
    74      3
    74     25
    75      3
    75     18
    75     25
    76      1
    76      6
    76     18
    76     26
    76     29
    76     32
    76     33
    76     36
    76     40
    77      1
    77      5
    77     18
    77     25
    77     26
    77     29
    77     31
    77     37
    77     40
    78     19
    78     28
    78     40
    79     14
    79     24
    80      1
    80      7
    81      4
    81      5
    81     10
    81     18
    81     25
    81     31
    81     37
    82     18
    82     29
    82     39
    83     18
    84      3
    84     25
    85      4
    85     10
    85     21
    86      7
    86     11
    86     13
    86     18
    86     19
    86     26
    86     29
    86     39
    87      3
    87     10
    87     25
    87     28
    87     34
    87     38
    88      7
    88     11
    88     13
    88     19
    88     26
    89     11
    89     13
    89     36
    89     39
    90     10
    90     28
    90     34
    90     38
    91      1
    91      7
    91     12
    91     15
    92      6
    92     32
    92     33
    92     36
    92     40
    93      6
    93     32
    93     33
    93     36
    93     40
    94      1
    94      7
    95      1
    95     18
    95     26
    95     29
    95     40
    96     36
    97      1
    97     18
    97     26
    97     29
    97     40
    98     19
    98     21
    98     28
    98     40
    99     12
    99     15
   100      1
   100      7
   101      1
   101      7
   101     39
   102      9
   102     16
   102     21
   102     29
   102     33
   102     36
   103      1
   103      7
   104     18
   104     29
   104     39
   105      7
   105     11
   105     13
   105     19
   105     26
   106      3
   106      9
   106     16
   106     25
   106     29
   106     33
   106     36
   107      1
   107      7
   107     26
   107     27
   108     18
   109      9
   109     16
   109     29
   109     33
   109     36
   110     26
   110     39
   111     18
   112      9
   112     16
   112     19
   112     28
   112     29
   112     33
   112     36
   112     40
   113     12
   113     15
   114      6
   114     19
   114     28
   114     32
   114     33
   114     36
   114     40
   115      9
   115     16
   115     29
   115     33
   115     36
   116      7
   116     11
   116     13
   116     18
   116     19
   116     26
   116     29
   116     39
   117      4
   117     10
   117     19
   117     28
   117     40
   118     19
   118     28
   118     40
   119      6
   119     32
   119     33
   119     36
   119     40
   120      7
   120     11
   120     13
   120     19
   120     26
   120     36
   120     39
   121     12
   121     15
   122     12
   122     15
   122     26
   122     27
   123     21
   124      4
   124     10
   125     26
   125     27
   126     21
   126     26
   126     39
   127     18
   127     29
   127     39
   128      5
   128     18
   128     25
   128     31
   128     37
   129     19
   129     28
   129     40
   130      1
   130      7
   131      9
   131     16
   131     29
   131     33
   131     36
   132      1
   132     10
   132     18
   132     26
   132     28
   132     29
   132     34
   132     38
   132     40
   133     19
   133     21
   133     28
   133     40
   134      6
   134     32
   134     33
   134     36
   134     40
   135      3
   135     25
   136      3
   136     18
   136     25
   136     29
   136     39
   137     12
   137     15
   137     26
   137     39
   138     18
   139      1
   139     12
   139     15
   139     18
   139     26
   139     29
   139     40
   140     10
   140     28
   140     34
   140     38
   140     39
   141     19
   141     21
   141     28
   141     40
   142     18
   143      4
   143      5
   143     10
   143     18
   143     25
   143     31
   143     37
   144      9
   144     16
   144     21
   144     29
   144     33
   144     36
   145      1
   145      3
   145     18
   145     25
   145     26
   145     29
   145     40
   146      6
   146     32
   146     33
   146     36
   146     40
   147      1
   147      7
   148     19
   148     28
   148     36
   148     40
   149      1
   149      4
   149     10
   149     18
   149     26
   149     29
   149     40
   150     26
   150     39
   151      4
   151     10
   152      1
   152      7
   152     19
   152     28
   152     40
   153     10
   153     28
   153     34
   153     38
   153     39
   154     14
   154     18
   154     24
   154     29
   154     39
   155      3
   155     14
   155     24
   155     25
   156     12
   156     15
   156     18
   157      6
   157     26
   157     27
   157     32
   157     33
   157     36
   157     40
   158      6
   158     32
   158     33
   158     36
   158     40
   159      5
   159     18
   159     19
   159     25
   159     28
   159     31
   159     37
   159     40
   160      4
   160     10
   160     18
   160     29
   160     39
   161      1
   161      7
   161     12
   161     15
   162      3
   162     25
   163     12
   163     15
   164      3
   164     14
   164     24
   164     25
   165     36
   166     39
   167      1
   167      3
   167      7
   167     25
   168      6
   168     12
   168     15
   168     32
   168     33
   168     36
   168     40
   169     14
   169     24
   170      3
   170     25
   171      9
   171     14
   171     16
   171     24
   171     29
   171     33
   171     36
   172     18
   173     12
   173     15
   174      6
   174     32
   174     33
   174     36
   174     40
   175      6
   175     32
   175     33
   175     36
   175     40
   176     18
   176     29
   176     39
   177      7
   177      9
   177     11
   177     13
   177     16
   177     19
   177     26
   177     29
   177     33
   177     36
   178     36
   179      1
   179      7
   179     18
   180     18
   180     21
   180     29
   180     39
   181      4
   181      9
   181     10
   181     16
   181     29
   181     33
   181     36
   182     39
   183      5
   183     18
   183     21
   183     25
   183     31
   183     37
   184     26
   184     27
   185      3
   185     25
   186     36
   187      7
   187     10
   187     11
   187     13
   187     19
   187     26
   187     28
   187     34
   187     38
   188      1
   188      7
   189      7
   189     11
   189     12
   189     13
   189     15
   189     19
   189     26
   190     10
   190     28
   190     34
   190     38
   191      9
   191     16
   191     18
   191     29
   191     33
   191     36
   192     12
   192     15
   193      1
   193      7
   194      1
   194      7
   194     11
   194     13
   194     18
   194     19
   194     26
   194     29
   194     40
   195      1
   195      6
   195     18
   195     26
   195     29
   195     32
   195     33
   195     36
   195     40
   196     26
   196     36
   196     39
   197     18
   197     29
   197     39
   198     10
   198     14
   198     24
   198     28
   198     34
   198     38
   199      7
   199     11
   199     13
   199     19
   199     26
   200      3
   200      7
   200     11
   200     13
   200     19
   200     25
   200     26
